date,open,high,low,close,vol,turn
2014/12/29,10.84,13.03,10.84,13.03,75100,1957391.00
2014/12/30,14.34,14.34,14.34,14.34,32500,938600.00
2014/12/31,15.79,15.79,15.79,15.79,69200,2198484.00
2015/01/05,17.38,17.38,17.38,17.38,135200,4725240.00
2015/01/06,19.13,19.13,19.13,19.13,1364399,52461144.00
2015/01/07,19.91,20.90,19.51,20.38,23761691,964246336.00
2015/01/08,19.80,20.27,19.16,19.74,12579751,497852544.00
2015/01/09,19.96,20.39,18.65,18.67,11307763,440938592.00
2015/01/12,17.93,17.95,16.81,17.00,9526727,333062688.00
2015/01/13,16.96,17.49,16.81,17.28,6068077,210575472.00
2015/01/14,17.53,19.02,17.53,19.02,13655482,511634464.00
2015/01/15,19.50,20.93,19.45,19.92,16107111,655605504.00
2015/01/16,19.62,21.75,19.61,21.03,12441759,512317856.00
2015/01/19,20.40,21.84,19.48,19.87,11174099,463593792.00
2015/01/20,20.65,21.87,20.31,21.87,7508372,322914336.00
2015/01/21,22.86,24.06,22.15,22.47,13172447,607859200.00
2015/01/22,23.10,24.72,22.40,24.72,10508880,501011392.00
2015/01/23,23.84,24.19,23.01,23.50,7595113,359222688.00
2015/01/26,23.51,23.90,23.15,23.55,4471917,210863584.00
2015/01/27,23.55,23.55,22.56,23.19,4519454,208513376.00
2015/01/28,22.90,23.88,22.85,23.19,4577684,215200544.00
2015/01/29,22.90,23.56,22.65,23.29,3018068,140525456.00
2015/01/30,23.35,23.46,22.72,22.77,2821871,130562208.00
2015/02/02,22.44,23.40,21.85,23.34,3908205,176369792.00
2015/02/03,23.08,25.00,23.08,24.29,5264092,257392400.00
2015/02/04,23.90,25.39,23.68,24.00,4862243,238612064.00
2015/02/05,23.87,24.00,22.70,22.75,3279993,153444816.00
2015/02/06,22.75,22.76,21.62,21.92,2555567,113240552.00
2015/02/09,21.66,21.88,21.06,21.27,1633823,70375592.00
2015/02/10,21.27,21.84,21.09,21.77,1424820,61418008.00
2015/02/11,21.80,22.75,21.62,22.20,1541785,69191144.00
2015/02/12,22.10,22.70,21.99,22.38,1429378,63992196.00
2015/02/13,22.53,24.14,22.40,23.48,2874838,135722512.00
2015/02/16,23.50,25.84,23.32,25.84,4409485,223450912.00
2015/02/17,26.66,27.34,26.09,26.77,4089189,219022784.00
2015/02/25,26.44,28.58,26.44,27.52,3802797,212437744.00
2015/02/26,27.15,28.74,26.70,28.55,3938651,222891152.00
2015/02/27,28.53,28.87,27.47,28.24,1949096,109913680.00
2015/03/02,29.70,31.03,28.85,29.40,4538117,271644224.00
2015/03/03,28.98,30.19,27.91,28.66,3320626,193605280.00
2015/03/04,28.45,28.65,27.05,27.96,4433800,246063264.00
2015/03/05,27.90,28.14,26.69,27.43,3727391,203534320.00
2015/03/06,27.25,28.08,26.40,26.69,2774486,151764640.00
2015/03/09,26.46,28.00,25.85,27.97,2658042,144663392.00
2015/03/10,27.64,27.65,26.70,27.57,1703304,93073104.00
2015/03/11,27.25,27.40,26.90,27.26,1426880,77753376.00
2015/03/12,27.20,27.50,26.50,26.95,1400044,75511336.00
2015/03/13,27.19,28.00,27.18,27.46,1698647,94131576.00
2015/03/16,27.66,28.80,27.40,28.60,2224200,126346848.00
2015/03/17,29.40,29.45,28.30,28.88,2172400,125530856.00
2015/03/18,28.88,28.90,28.21,28.55,2336600,133366912.00
2015/03/19,28.55,28.70,27.90,28.13,1743066,99051800.00
2015/03/20,28.27,29.65,28.11,29.12,2900550,168606048.00
2015/03/23,29.15,29.45,28.50,28.92,2735723,157813328.00
2015/03/24,28.90,28.90,27.51,28.20,2445274,138831008.00
2015/03/25,28.10,28.97,27.41,28.80,3063990,173509104.00
2015/03/26,28.21,28.74,27.92,27.99,1798767,101867024.00
2015/03/27,28.15,29.19,27.80,28.83,1792686,102849480.00
2015/03/30,29.22,30.90,29.22,29.67,3117993,187777264.00
2015/03/31,29.20,30.65,29.20,30.33,1930796,116085000.00
2015/04/01,30.40,31.75,30.40,30.72,2397919,149653760.00
2015/04/02,30.68,31.30,29.40,31.13,3227658,198843024.00
2015/04/03,31.13,31.85,30.71,31.35,2801760,176298480.00
2015/04/07,31.40,34.40,31.38,33.55,2760483,182774704.00
2015/04/08,34.88,36.15,34.65,34.94,2737165,194257552.00
2015/04/09,34.68,36.39,32.40,35.96,2244584,154847344.00
2015/04/10,35.25,36.40,34.16,36.15,1723151,124022240.00
2015/04/13,35.89,38.23,35.89,36.26,1837500,135540720.00
2015/04/14,36.23,36.40,34.41,34.62,2384007,168735152.00
2015/04/15,34.50,34.75,31.96,32.89,1734799,115691864.00
2015/04/16,31.90,34.73,31.35,34.65,1993726,134112728.00
2015/04/17,34.68,35.90,34.10,34.18,1238238,86587240.00
2015/04/20,33.66,33.99,31.75,31.78,2513937,164186096.00
2015/04/21,31.75,33.25,31.50,32.85,1734337,112930672.00
2015/04/22,32.84,36.10,32.84,35.71,2411667,167085888.00
2015/04/23,35.75,36.70,34.36,36.10,2289824,161034640.00
2015/04/24,34.90,36.50,34.90,34.96,1293026,91872976.00
2015/04/27,34.16,35.90,33.73,35.05,2207973,153384784.00
2015/04/28,34.91,34.91,33.15,33.34,1013762,68914472.00
2015/04/29,33.65,35.04,33.60,34.85,1056453,73425408.00
2015/04/30,35.39,36.17,34.44,34.91,1342690,95078512.00
2015/05/04,35.36,38.15,34.17,36.96,1939233,142378640.00
2015/05/05,36.55,38.81,36.49,38.36,1515074,114011280.00
2015/05/06,38.35,41.65,37.67,39.15,2080792,166285888.00
2015/05/07,39.15,39.84,37.41,37.71,1384196,106015616.00
2015/05/08,37.45,39.31,37.45,39.12,717141,55387396.00
2015/05/11,39.12,41.55,39.00,41.05,1420289,115401528.00
2015/05/12,41.15,44.17,40.40,43.39,2045609,170464784.00
2015/05/13,42.40,43.90,41.43,43.00,1107148,95895584.00
2015/05/14,42.98,44.14,42.13,43.24,900986,78025480.00
2015/05/15,42.90,43.40,40.46,41.18,1284080,107341360.00
2015/05/18,41.18,45.20,41.18,44.40,2233247,196653232.00
2015/05/19,46.14,46.14,43.92,44.80,1563975,140308992.00
2015/05/20,44.85,45.60,43.49,44.69,1863525,166671136.00
2015/05/21,43.90,45.90,43.90,45.86,1537060,138414672.00
2015/06/02,50.46,50.46,46.46,48.70,3735990,371414016.00
2015/06/03,43.82,52.34,43.82,52.21,4685262,448468480.00
2015/06/04,53.04,57.44,51.40,57.44,3379065,376448832.00
2015/06/05,58.90,61.69,55.46,56.04,2863276,340774464.00
2015/06/08,54.50,55.40,50.42,50.42,2647889,273056576.00
2015/06/09,50.42,52.05,47.42,48.09,2115779,208604224.00
2015/06/10,49.40,52.30,48.55,50.84,1481385,150480944.00
2015/06/11,50.30,51.85,48.96,50.40,1386145,140516368.00
2015/06/12,50.90,53.74,50.41,51.18,1710807,178578272.00
2015/06/15,50.90,51.05,47.40,49.27,1745329,170911792.00
2015/06/16,48.02,48.40,44.80,46.31,1907348,177844864.00
2015/06/17,46.40,47.04,44.40,46.53,1275712,117243096.00
2015/06/18,47.45,48.90,44.98,45.71,1282669,122907584.00
2015/06/19,44.41,45.15,42.15,43.64,1307808,115149312.00
2015/06/23,43.91,47.40,41.65,47.20,1120854,99029944.00
2015/06/24,46.90,49.83,46.43,48.28,1415638,136019152.00
2015/06/25,48.28,48.28,43.82,44.36,1057760,98022576.00
2015/06/26,43.12,43.12,39.92,39.92,1361852,110842416.00
2015/06/29,40.99,40.99,35.92,35.92,2271926,166859536.00
2015/06/30,33.29,38.40,32.32,37.54,3291549,229618880.00
2015/07/01,36.90,38.85,33.91,33.99,2230401,165293648.00
2015/07/02,33.66,34.89,30.58,30.58,2355350,148595920.00
2015/07/03,27.53,31.29,27.51,27.95,2817600,159429744.00
2015/07/06,30.76,30.76,25.15,26.02,4121055,230359616.00
2015/07/07,25.49,25.49,23.41,23.41,2804223,135897712.00
2015/07/08,21.06,21.06,21.06,21.06,1645500,69621104.00
2015/07/09,20.40,23.17,19.91,23.17,5223872,233586848.00
2015/07/10,25.50,25.50,25.50,25.50,349762,17904316.00
2015/07/13,28.06,28.06,28.06,28.06,219358,12352049.00
2015/07/14,30.87,30.87,30.87,30.87,256240,15871506.00
2015/07/15,32.85,33.92,28.90,31.17,8726283,566409984.00
2015/07/16,29.46,34.29,28.40,33.82,3455220,222186880.00
2015/07/17,33.75,36.39,32.90,35.66,2697787,191547760.00
2015/07/20,35.40,36.50,34.59,35.31,3395730,241938368.00
2015/07/21,34.40,36.40,33.10,35.43,1591812,113071888.00
2015/07/22,35.20,36.67,34.80,36.22,1589017,114359560.00
2015/07/23,36.35,38.91,35.75,38.53,1782476,134587536.00
2015/07/24,37.95,38.78,36.16,36.37,3029988,226515600.00
2015/07/27,35.46,37.45,32.73,32.74,2757952,192895088.00
2015/07/28,30.39,33.95,29.46,32.08,2724229,169584928.00
2015/07/29,32.45,34.25,30.95,34.02,1710761,112149552.00
2015/07/30,34.40,34.68,31.95,32.19,3107201,210372544.00
2015/07/31,32.45,33.70,30.95,31.48,2409971,155457136.00
2015/08/03,31.40,31.40,28.35,30.61,2398348,142810000.00
2015/08/04,30.61,32.50,29.77,32.47,1888400,117998424.00
2015/08/05,32.50,33.69,31.71,32.89,2250897,147665024.00
2015/08/06,31.86,33.15,31.49,31.99,1109121,71810768.00
2015/08/07,32.45,34.25,32.04,33.63,1684701,112188344.00
2015/08/10,34.45,35.90,33.70,35.77,1871897,130532680.00
2015/08/11,35.84,36.85,35.46,35.59,1524900,110192856.00
2015/08/12,35.19,35.79,34.55,35.30,1321776,93617040.00
2015/08/13,34.41,35.21,33.80,35.16,1617730,111772488.00
2015/08/14,35.35,35.45,34.45,35.00,1166631,81391632.00
2015/08/17,35.59,35.59,34.49,35.29,1110653,77832056.00
2015/08/18,35.44,36.70,31.76,32.00,1376533,95013976.00
2015/08/19,30.46,32.75,29.79,32.52,1207398,75437832.00
2015/08/20,32.15,32.46,30.74,30.98,739759,46748232.00
2015/08/21,30.45,30.76,27.91,28.15,1490044,87510456.00
2015/08/24,26.21,27.12,25.33,25.33,2052295,105046104.00
2015/08/25,23.10,25.84,22.96,23.58,3105112,150175552.00
2015/08/26,23.95,25.85,23.59,24.60,2753350,136820720.00
2015/08/27,25.05,27.01,25.05,26.84,2161710,112941520.00
2015/08/28,26.75,28.49,26.24,28.43,2183184,119658928.00
2015/08/31,27.65,28.54,26.30,27.05,1175891,64172392.00
2015/09/01,27.05,27.05,24.34,24.34,1544388,77823840.00
2015/09/02,23.01,25.66,23.01,23.99,1146498,55692440.00
2015/09/07,24.54,26.39,24.19,25.73,2036717,104977936.00
2015/09/08,25.85,26.93,25.40,26.89,1332790,69968544.00
2015/09/09,26.96,28.15,26.81,27.18,1689788,92878440.00
2015/09/10,26.56,27.19,26.13,26.15,1067570,57022612.00
2015/09/11,26.27,27.20,26.15,26.66,697667,37281200.00
2015/09/14,26.66,27.06,23.99,23.99,1385307,70114888.00
2015/09/15,23.96,25.14,23.51,24.26,1151105,56551348.00
2015/09/16,24.50,26.69,24.24,26.69,1210351,61505488.00
2015/09/17,26.20,27.55,25.61,26.28,1462472,78162984.00
2015/09/18,26.46,26.80,26.00,26.25,921770,48798400.00
2015/09/21,26.00,28.19,26.00,27.94,1524793,83846048.00
2015/09/22,27.95,29.29,27.95,29.03,2065961,119321952.00
2015/09/23,28.54,29.26,28.43,28.85,1146162,66421316.00
2015/09/24,29.20,29.89,28.95,29.41,918220,54146248.00
2015/09/25,29.30,29.50,27.46,28.54,1311880,75187840.00
2015/09/28,28.47,29.05,27.94,28.95,834293,47849540.00
2015/09/29,28.50,29.01,28.26,28.85,606865,35068460.00
2015/09/30,28.85,29.05,28.00,28.90,859568,49691692.00
2015/10/08,29.95,30.45,29.50,30.38,883089,53257584.00
2015/10/09,30.40,31.15,30.13,30.40,906055,55514336.00
2015/10/12,30.70,33.38,30.25,31.81,1820930,116660096.00
2015/10/13,31.40,32.19,30.89,31.71,1113517,70253576.00
2015/10/14,31.72,31.81,30.85,30.94,976418,61098008.00
2015/10/15,30.55,32.88,30.50,32.65,1709425,109827000.00
2015/10/16,32.55,33.35,31.95,32.87,1357099,88698800.00
2015/10/19,32.83,33.80,32.35,33.35,1555911,103445800.00
2015/10/20,33.05,33.20,31.85,32.81,1247722,81332016.00
2015/10/21,32.48,32.80,29.53,29.57,1853118,116811776.00
2015/10/22,29.96,31.15,29.96,30.84,1072289,65814264.00
2015/10/23,30.69,33.20,30.69,33.08,1725082,110051192.00
2015/10/26,34.86,36.39,34.60,35.71,4143746,295821632.00
2015/10/27,34.45,36.89,34.00,36.88,2434184,173942448.00
2015/10/28,36.54,37.44,34.71,35.18,1259532,91604536.00
2015/10/29,35.20,36.85,35.20,36.18,930538,67267600.00
2015/10/30,36.45,37.45,35.10,37.15,1102356,80784448.00
2015/11/02,35.95,39.95,35.55,38.00,1392485,105795760.00
2015/11/03,37.73,38.45,36.75,37.71,940616,70730976.00
2015/11/04,37.91,39.40,37.91,38.91,1411065,108909880.00
2015/11/05,38.95,39.64,38.21,38.86,1273932,99176424.00
2015/11/06,38.75,39.45,38.75,39.42,947984,74228400.00
2015/11/09,39.15,40.61,37.89,40.33,1619889,128100320.00
2015/11/10,39.95,42.70,39.50,41.24,1321827,109714904.00
2015/11/11,40.65,43.29,40.54,43.26,1469074,124233600.00
2015/11/12,43.85,44.44,42.46,43.94,1334780,115794624.00
2015/11/13,43.12,43.64,40.46,40.87,1675064,140788528.00
2015/11/16,39.20,41.43,38.96,41.35,699954,57139780.00
2015/11/17,41.70,42.40,39.95,40.01,1878849,153392928.00
2015/11/18,40.00,40.15,37.55,37.76,1602669,124534960.00
2015/11/19,37.71,40.35,37.71,40.25,1378721,108162008.00
2015/11/20,40.69,40.69,39.60,40.00,899908,72361864.00
2015/11/23,40.00,40.84,39.40,39.63,898744,72012568.00
2015/11/24,39.63,41.04,39.63,40.95,1086040,87492200.00
2015/11/25,41.10,42.21,40.95,41.64,1152889,96084000.00
2015/11/26,41.90,41.95,40.65,40.96,949302,78858872.00
2015/11/27,41.03,41.45,36.86,37.39,1862594,144710912.00
2015/11/30,37.63,39.43,36.95,38.77,1792252,137965696.00
2015/12/01,38.95,42.65,38.77,42.54,4508003,381958912.00
2015/12/02,41.35,41.35,38.28,39.65,2948411,233594800.00
2015/12/03,39.65,41.12,39.56,40.15,1427537,114492896.00
2015/12/04,40.08,41.20,38.95,39.58,1378792,110600536.00
2015/12/07,39.90,40.94,38.84,39.47,1668079,132165640.00
2015/12/08,39.48,39.60,38.32,38.90,1052529,82021008.00
2015/12/09,38.52,38.89,38.00,38.18,982300,75299608.00
2015/12/10,37.75,38.45,37.30,37.58,1050126,79333008.00
2015/12/11,37.58,38.75,36.96,38.11,820398,62681264.00
2015/12/14,37.94,39.25,37.58,39.13,848314,66121008.00
2015/12/15,38.60,39.16,38.60,38.96,612887,47784736.00
2015/12/16,38.96,39.56,38.76,39.31,726727,56981056.00
2015/12/17,39.40,40.43,39.13,40.41,1198955,95726664.00
2015/12/18,40.50,40.92,39.71,39.90,1137126,91523152.00
2015/12/21,39.29,39.89,38.60,39.08,849041,66377828.00
2015/12/22,39.08,39.64,38.74,39.27,1266517,99299880.00
2015/12/23,39.15,39.15,37.85,37.99,1776058,136256576.00
2015/12/24,38.05,38.39,36.89,38.24,1250572,93870984.00
2015/12/25,37.93,38.84,37.90,38.25,808580,62131212.00
2015/12/28,38.40,39.24,38.13,38.23,1227996,95268880.00
2015/12/29,38.35,38.51,36.97,37.45,1481644,111105520.00
2015/12/30,37.42,38.19,36.98,38.06,823070,61786372.00
2015/12/31,38.45,39.95,38.19,39.09,2066073,163188128.00
2016/01/04,39.70,39.70,35.17,35.69,987748,74343744.00
2016/01/05,33.95,36.45,33.70,34.59,1599817,112988168.00
2016/01/06,34.60,35.34,33.91,35.12,923291,63895408.00
2016/01/07,34.44,34.44,31.60,31.62,354696,23516096.00
2016/01/08,32.00,33.50,30.01,32.47,1590038,101926864.00
2016/01/11,31.95,31.95,29.22,29.22,1834220,110523976.00
2016/01/12,29.84,29.92,27.45,29.07,1460111,83729880.00
2016/01/13,29.35,29.85,27.68,28.44,1135892,64876320.00
2016/01/14,27.45,29.29,26.74,28.81,1913485,108130064.00
2016/01/15,28.64,28.64,26.70,26.86,1367097,75938568.00
2016/01/18,25.95,27.53,25.45,27.11,948308,51295256.00
2016/01/19,27.11,28.40,26.71,28.23,1299953,72615936.00
2016/01/20,28.25,29.45,27.87,28.64,1727304,99973088.00
2016/01/21,28.08,28.98,27.23,27.41,1007136,56835476.00
2016/01/22,27.41,28.05,26.95,27.70,929631,51190140.00
2016/01/25,28.25,28.85,28.03,28.59,739377,42079912.00
2016/01/26,28.40,29.61,25.95,27.09,1528848,87100768.00
2016/01/27,26.95,27.50,24.75,25.94,1364622,71207992.00
2016/01/28,25.53,26.55,25.20,25.60,805083,41769700.00
2016/01/29,25.60,26.95,23.95,26.46,1986252,101344056.00
2016/02/01,26.35,26.35,24.92,25.28,903379,46569024.00
2016/02/02,25.24,26.55,25.22,26.28,723169,37909072.00
2016/02/03,25.83,26.85,25.83,26.66,628676,33166946.00
2016/02/04,26.89,27.65,26.66,27.42,673280,36838624.00
2016/02/05,27.45,29.95,27.28,29.04,1615309,92822016.00
2016/02/15,26.95,28.78,26.95,28.36,835708,46925892.00
2016/02/16,28.44,29.69,28.43,29.18,995496,58429048.00
2016/02/17,29.02,29.84,28.80,29.47,1042440,61218840.00
2016/02/18,29.84,30.29,29.47,29.66,1483181,88703888.00
2016/02/19,29.65,30.19,29.35,29.69,1108021,65683520.00
2016/02/22,29.96,32.17,29.96,31.29,1761105,109923200.00
2016/02/23,31.35,31.85,30.88,31.44,888381,55605424.00
2016/02/24,31.44,32.15,30.95,32.09,1057498,66488448.00
2016/02/25,32.09,32.09,28.87,28.87,1453199,86845216.00
2016/02/26,29.20,29.48,28.30,28.92,728034,42018088.00
2016/02/29,27.94,27.94,26.02,26.07,1346055,70975504.00
2016/03/01,26.20,26.66,25.00,26.37,813525,42373804.00
2016/03/02,26.12,28.20,26.09,27.65,1331011,72126624.00
2016/03/03,27.52,28.18,27.15,27.44,1033008,57176488.00
2016/03/04,27.44,27.54,25.21,25.70,1473012,76758192.00
2016/03/07,26.39,26.60,25.25,25.90,848298,44259788.00
2016/03/08,25.93,25.93,24.46,25.75,1087406,54597004.00
2016/03/09,25.12,25.90,24.50,24.93,722325,36321840.00
2016/03/10,25.01,25.33,24.79,25.09,914037,45844240.00
2016/03/11,24.70,25.93,24.70,25.45,983964,50045640.00
2016/03/14,25.56,27.09,25.56,26.69,1462838,77854480.00
2016/03/15,26.95,28.10,26.57,26.84,1661526,91078072.00
2016/03/16,26.93,27.20,25.86,25.96,1027097,54122536.00
2016/03/17,26.25,27.70,25.96,27.54,1590022,85690264.00
2016/03/18,27.55,28.76,27.55,28.27,1457690,82375096.00
2016/03/21,28.43,29.20,28.43,28.84,1302747,75013704.00
2016/03/22,28.76,29.04,28.20,28.75,1014962,58097856.00
2016/03/23,28.70,29.70,28.55,29.43,1004264,58716612.00
2016/03/24,29.45,30.10,28.50,29.45,1207783,70889112.00
2016/03/25,30.55,31.44,29.70,30.36,2349733,143879552.00
2016/03/28,30.30,30.70,29.19,30.18,1650596,98438152.00
2016/03/29,29.46,29.90,28.85,28.95,954591,55662264.00
2016/03/30,29.19,29.79,29.04,29.76,1015292,59787032.00
2016/03/31,29.75,30.78,29.75,30.25,1234532,74914104.00
2016/04/01,30.05,30.34,29.46,29.96,771629,46124192.00
2016/04/05,29.53,30.89,29.53,30.82,986956,60386224.00
2016/04/06,30.79,31.44,30.51,31.21,1398584,87016872.00
2016/04/07,31.21,31.95,30.83,31.15,1480384,93160632.00
2016/04/08,31.04,32.83,30.46,32.67,2601652,167516864.00
2016/04/11,32.95,33.58,32.15,33.29,2687356,176908192.00
2016/04/12,33.35,34.39,32.55,34.00,3539164,238246064.00
2016/04/13,33.95,34.23,33.44,33.93,2522132,170601200.00
2016/04/14,33.69,35.02,33.69,34.80,3276613,227044784.00
2016/04/15,34.85,35.17,33.95,34.55,3011300,209208032.00
2016/04/18,31.44,31.45,31.09,31.09,1451700,90696064.00
2016/04/19,30.09,30.53,29.30,29.73,7461897,444155040.00
2016/04/20,29.45,30.15,28.01,28.14,4766361,277652160.00
2016/04/21,28.20,28.70,27.70,27.89,2388397,135120240.00
2016/04/22,27.81,28.44,27.62,28.34,1660613,93447664.00
2016/04/25,28.39,28.39,27.25,27.48,2545672,140998208.00
2016/04/26,27.65,28.38,27.60,28.30,1822316,102222824.00
2016/04/27,28.40,29.64,28.40,29.11,3640141,213133728.00
2016/04/28,29.05,29.08,27.47,28.28,3252001,183152880.00
2016/04/29,28.19,28.19,27.45,27.75,2217345,123077400.00
2016/05/03,27.50,28.60,27.48,28.52,2327539,131314144.00
2016/05/04,28.38,29.36,28.26,28.57,2199988,126896280.00
2016/05/05,28.58,28.72,28.28,28.70,1353032,77323296.00
2016/05/06,28.85,28.93,27.70,27.71,1986664,112358224.00
2016/05/09,27.45,27.45,26.23,26.25,2224592,118858232.00
2016/05/10,26.05,26.65,25.97,26.15,804454,42247848.00
2016/05/11,26.30,26.65,25.99,26.07,854630,44972912.00
2016/05/12,25.90,26.55,25.53,26.27,1013095,52974052.00
2016/05/13,26.20,26.65,26.20,26.49,1061405,55933964.00
2016/05/16,26.75,26.89,26.45,26.76,1103975,59033756.00
2016/05/17,26.95,27.11,26.57,26.77,776027,41741068.00
2016/05/18,26.45,26.70,25.60,25.98,1083652,56414032.00
2016/05/19,25.95,26.75,25.81,26.01,1010444,53297488.00
2016/05/20,26.02,27.38,26.00,27.33,1450918,39046592.00
2016/05/23,27.46,28.02,26.88,28.01,3394073,93305712.00
2016/05/24,27.91,28.20,27.47,27.78,2234274,61973696.00
2016/05/25,27.29,27.69,26.73,26.88,3031007,82130512.00
2016/05/26,26.81,26.98,26.01,26.87,2586368,68166296.00
2016/05/27,26.62,27.20,26.62,26.90,1620188,43664492.00
2016/05/30,26.81,27.79,26.20,27.13,2157606,58710396.00
2016/05/31,27.13,28.25,27.13,28.12,3439063,95970048.00
2016/06/01,29.00,30.39,28.70,29.61,16008951,471485280.00
2016/06/02,29.01,29.45,28.62,29.01,9345024,270535264.00
2016/06/03,29.05,29.88,28.91,28.97,7361722,215722576.00
2016/06/06,28.99,29.16,28.75,28.92,3729665,107762448.00
2016/06/07,28.98,29.08,28.46,28.75,2914638,83443432.00
2016/06/08,28.65,29.33,28.60,29.06,4010835,115887968.00
2016/06/13,28.70,28.70,27.01,27.04,4772669,133180664.00
2016/06/14,27.00,27.38,26.66,26.94,2250797,60656300.00
2016/06/15,26.65,27.92,26.31,27.49,2718146,74449840.00
2016/06/16,27.52,27.61,27.00,27.09,2284786,62250804.00
2016/06/17,26.91,27.48,26.91,27.12,2112380,57446684.00
2016/06/20,27.02,27.10,26.58,26.72,2734581,73069632.00
2016/06/21,26.82,26.99,26.65,26.84,2712879,72770416.00
2016/06/22,26.90,27.10,26.60,27.03,1946524,52224724.00
2016/06/23,27.08,28.06,26.82,27.83,4522759,124332432.00
2016/06/24,27.50,27.73,26.62,27.09,2888454,78604328.00
2016/06/27,26.88,27.68,26.81,27.61,4750074,129275200.00
2016/06/28,27.06,28.48,26.76,28.33,16761931,457624672.00
2016/06/29,27.94,27.98,27.42,27.55,9141766,253066944.00
2016/06/30,27.53,27.62,27.06,27.25,3843193,104798192.00
2016/07/01,27.29,27.60,27.15,27.50,3961080,108301112.00
2016/07/04,27.53,28.30,27.49,27.97,7603067,212691968.00
2016/07/05,27.97,28.38,27.90,28.09,6989331,196386144.00
2016/07/06,27.89,28.35,27.80,28.27,4918967,137740624.00
2016/07/07,28.32,28.77,28.03,28.63,6634636,188645680.00
2016/07/08,28.51,28.65,28.16,28.39,3487735,98916264.00
2016/07/11,28.44,28.64,28.08,28.10,4712104,133812960.00
2016/07/12,28.23,28.80,27.91,28.72,4939596,139963888.00
2016/07/13,28.75,30.90,28.75,30.27,12014995,359756928.00
2016/07/14,30.57,30.58,29.48,29.83,6720259,200488720.00
2016/07/15,30.10,31.37,29.90,30.89,10131574,309245440.00
2016/07/18,30.53,30.86,30.19,30.43,4400788,133969520.00
2016/07/19,30.19,30.30,29.61,29.94,3765172,112536296.00
2016/07/20,29.98,30.28,29.70,29.89,2707261,81227528.00
2016/07/21,29.59,30.18,29.59,29.95,3459972,103656864.00
2016/07/22,29.89,29.95,28.90,29.02,4444445,129710008.00
2016/07/25,29.23,29.79,29.20,29.39,3121883,92029912.00
2016/07/26,29.36,29.90,29.19,29.82,3340845,99156864.00
2016/07/27,29.90,30.02,27.78,27.91,5299711,151758240.00
2016/07/28,28.06,28.45,27.65,28.14,3700874,103999680.00
2016/07/29,28.36,28.91,28.15,28.60,3767294,107901736.00
2016/08/01,28.70,29.50,28.10,29.24,5298534,154028688.00
2016/08/02,29.00,29.80,28.60,29.70,5090730,149139440.00
2016/08/03,30.55,31.31,30.11,30.24,14424234,442886752.00
2016/08/04,29.85,30.26,29.39,30.03,7607028,226290560.00
2016/08/05,29.73,30.10,29.30,29.34,4393458,130593728.00
2016/08/08,29.08,29.54,28.60,29.49,3453790,100730848.00
2016/08/09,29.41,30.88,29.33,30.76,8240029,251429520.00
2016/08/10,30.80,31.48,30.23,30.42,5368982,165891248.00
2016/08/11,30.32,31.11,30.22,30.64,6195013,190680416.00
2016/08/12,30.47,30.75,30.03,30.54,3328350,100998600.00
2016/08/15,30.58,31.95,30.41,31.45,7321202,228783232.00
2016/08/16,31.45,33.27,31.16,32.86,8642142,281523552.00
2016/08/17,32.80,33.68,32.36,32.94,5486843,181183600.00
2016/08/18,32.66,33.21,32.41,32.67,3450743,112914960.00
2016/08/19,32.31,32.93,31.85,32.21,4597256,148612944.00
2016/08/22,32.42,33.58,32.06,32.49,5575835,183199200.00
2016/08/23,32.24,33.86,32.23,33.44,6003562,199850032.00
2016/08/24,33.45,34.60,32.77,32.80,6673366,225308336.00
2016/08/25,32.53,33.34,32.34,32.96,4348829,142796368.00
2016/08/26,33.01,35.00,33.00,34.86,10633426,364715584.00
2016/08/29,34.80,36.18,34.18,34.87,10992158,386613056.00
2016/08/30,34.86,35.45,33.75,34.77,13942424,479158592.00
2016/08/31,34.22,34.70,33.10,34.15,13052768,442391680.00
2016/09/01,33.77,34.10,32.59,33.11,11245540,372509472.00
2016/09/02,32.90,33.48,32.00,32.06,8594725,279968448.00
2016/09/05,32.34,33.28,32.03,32.12,10254320,335009184.00
2016/09/06,32.32,34.43,32.26,34.30,14000772,466247360.00
2016/09/07,34.39,35.48,34.06,34.24,13587025,473214272.00
2016/09/08,34.20,34.23,33.34,33.78,7345948,247230608.00
2016/09/09,33.60,33.68,32.50,32.56,6440799,212424256.00
2016/09/12,31.51,32.18,31.00,31.31,5217357,165755648.00
2016/09/13,31.57,32.30,31.50,31.85,4591751,146161344.00
2016/09/14,31.58,32.10,31.31,31.50,3063645,96797680.00
2016/09/19,31.60,31.96,31.26,31.45,2856405,90224544.00
2016/09/20,31.58,32.75,31.48,32.07,5086149,163471760.00
2016/09/21,32.00,32.08,31.37,31.72,3034110,95962176.00
2016/09/22,32.00,32.10,31.45,31.54,4103899,129978896.00
2016/09/23,31.65,31.97,31.42,31.61,2577142,81608496.00
2016/09/26,31.40,31.40,29.58,29.60,7185888,217937264.00
2016/09/27,29.22,29.74,28.61,29.25,4697999,136795056.00
2016/09/28,29.28,29.82,28.80,29.79,4679290,136510848.00
2016/09/29,29.45,30.20,29.30,29.88,4347039,129591680.00
2016/09/30,29.77,31.77,29.65,31.56,6775911,210014880.00
2016/10/10,31.61,33.01,31.13,32.27,6363568,205540576.00
2016/10/11,32.26,33.28,32.02,33.12,6245398,205855712.00
2016/10/12,33.00,33.49,32.50,32.89,4155100,136863408.00
2016/10/13,33.70,34.50,33.36,34.20,8064096,274927712.00
2016/10/14,34.01,35.28,33.94,34.79,7801054,271447232.00
2016/10/17,34.55,35.08,33.09,33.49,4541419,154690656.00
2016/10/18,33.70,34.50,33.66,34.16,4320366,147710800.00
2016/10/19,34.52,35.39,34.52,34.65,5480864,191370000.00
2016/10/20,34.83,36.09,34.21,35.49,6474758,229178112.00
2016/10/21,35.79,35.79,34.69,34.83,3085900,108042024.00
2016/10/24,34.50,35.21,34.50,34.90,2492992,87032328.00
2016/10/25,34.90,36.00,34.32,35.82,3916262,138213216.00
2016/10/26,35.78,36.33,34.51,35.02,3676265,129331960.00
2016/10/27,34.99,34.99,34.00,34.39,4164513,142823152.00
2016/10/28,34.39,35.28,34.39,34.50,2121103,73697504.00
2016/10/31,34.70,34.98,34.25,34.44,1681523,58397184.00
2016/11/01,34.44,35.17,34.44,34.82,1933453,67421144.00
2016/11/02,34.82,35.88,34.61,34.78,3416928,120388368.00
2016/11/03,34.60,34.74,33.48,33.72,4878598,165593808.00
2016/11/04,33.75,34.26,33.28,33.60,2845847,96039056.00
2016/11/07,33.60,34.08,33.46,33.91,1612052,54551120.00
2016/11/08,34.23,34.24,33.70,33.75,1612320,54599256.00
2016/11/09,33.76,34.05,32.98,33.77,2414667,81169304.00
2016/11/10,33.70,34.10,33.70,33.94,2496394,84539560.00
2016/11/11,34.00,34.00,33.20,33.40,2499789,83511600.00
2016/11/14,33.24,33.85,33.22,33.68,1363921,45804224.00
2016/11/15,33.85,34.20,33.58,34.17,1880977,63809384.00
2016/11/16,34.52,34.52,33.73,33.87,1528606,52063936.00
2016/11/17,33.80,33.90,33.22,33.39,1809665,60461128.00
2016/11/18,33.40,33.56,33.02,33.12,1767142,58784144.00
2016/11/21,33.50,33.50,32.90,32.97,1679689,55523116.00
2016/11/22,32.86,33.24,32.77,33.14,1906072,62766424.00
2016/11/23,33.19,33.19,32.26,32.41,2700047,88049880.00
2016/11/24,32.50,32.64,32.00,32.16,1969678,63366640.00
2016/11/25,32.16,33.05,31.73,33.04,3085010,100295416.00
2016/11/28,33.10,33.63,32.80,33.07,2772382,92178688.00
2016/11/29,33.04,33.93,32.71,33.17,3578225,120291392.00
2016/11/30,33.02,33.65,33.02,33.17,1711154,57033688.00
2016/12/01,33.17,34.17,33.17,33.50,2644579,89200304.00
2016/12/02,33.77,33.77,32.54,32.97,2052316,67550184.00
2016/12/05,32.31,33.10,32.31,32.75,2265700,74095720.00
2016/12/06,32.88,33.06,32.48,32.52,1276097,41743260.00
2016/12/07,32.40,32.87,32.30,32.61,1760502,57353300.00
2016/12/08,32.64,32.88,32.38,32.80,1365013,44605028.00
2016/12/09,32.74,32.94,32.51,32.92,1625023,53322072.00
2016/12/12,33.18,33.20,31.26,31.34,2245208,72248352.00
2016/12/13,31.50,31.75,30.93,31.49,1570264,49179888.00
2016/12/14,31.56,31.76,31.22,31.36,1136015,35731984.00
2016/12/15,31.32,31.84,31.07,31.49,1128931,35546176.00
2016/12/16,31.49,31.49,30.93,31.34,1782277,55552612.00
2016/12/19,31.26,32.12,31.06,31.98,1280662,40724032.00
2016/12/20,31.86,31.97,31.33,31.52,724936,22888144.00
2016/12/21,31.52,31.81,31.33,31.65,1037429,32775920.00
2016/12/22,31.63,31.86,31.35,31.79,2043043,64586276.00
2016/12/23,31.70,31.86,30.60,30.67,1941197,60688408.00
2016/12/26,30.69,31.29,29.95,31.21,3393421,103412368.00
2016/12/27,31.11,31.96,31.07,31.35,1988338,62658752.00
2016/12/28,31.02,31.46,30.51,30.76,1265158,38944096.00
2016/12/29,30.75,31.46,30.60,31.29,2384503,73945696.00
2016/12/30,31.44,31.81,31.03,31.30,2243798,70762480.00
2017/01/03,31.32,31.40,30.55,30.92,2747176,84965872.00
2017/01/04,30.88,31.07,30.47,31.00,1297014,39924780.00
2017/01/05,31.04,31.20,30.00,30.25,2343799,71669736.00
2017/01/06,30.30,30.50,29.57,30.01,2520738,75638792.00
2017/01/09,30.01,30.30,29.65,30.20,1444517,43266884.00
2017/01/10,30.05,30.15,29.75,29.85,1092900,32694052.00
2017/01/11,29.85,30.15,29.75,29.76,839123,25108764.00
2017/01/12,29.65,29.98,29.65,29.85,1080489,32229056.00
2017/01/13,29.90,29.95,28.58,28.80,2363269,69062992.00
2017/01/16,28.75,28.94,27.01,27.89,3058500,85744296.00
2017/01/17,27.86,27.97,27.20,27.63,1935174,53468256.00
2017/01/18,27.60,27.95,27.19,27.37,1684740,46506724.00
2017/01/19,27.07,27.60,27.07,27.43,1476963,40457232.00
2017/01/20,27.60,28.25,27.27,28.14,2903362,80503824.00
2017/01/23,28.10,28.45,28.05,28.43,1348296,38228788.00
2017/01/24,28.39,28.62,28.18,28.49,1190596,33908936.00
2017/01/25,28.30,28.54,28.09,28.32,1400362,39570520.00
2017/01/26,28.40,29.05,28.35,28.75,1089900,31337204.00
2017/02/03,28.80,28.91,28.52,28.71,652727,18738210.00
2017/02/06,28.70,29.02,28.55,28.93,1733220,50043092.00
2017/02/07,28.95,28.95,28.60,28.70,595002,17081812.00
2017/02/08,28.55,28.76,28.45,28.73,1133388,32422422.00
2017/02/09,28.84,30.80,28.84,29.80,4222576,126572832.00
2017/02/10,29.60,29.69,29.31,29.42,1772850,52174776.00
2017/02/13,29.69,29.88,29.03,29.82,3691353,108502088.00
2017/02/14,29.73,29.79,29.30,29.57,2413325,71207664.00
2017/02/15,29.53,29.59,28.88,28.98,2419665,70827008.00
2017/02/16,28.98,29.15,28.73,28.99,1625554,47002704.00
2017/02/17,29.15,29.15,28.02,28.17,3127356,88781704.00
2017/02/20,28.32,28.33,27.93,28.33,2397246,67505776.00
2017/02/21,28.17,28.59,28.06,28.55,4471421,126431088.00
2017/02/22,28.55,29.34,28.43,29.26,3626304,105125152.00
2017/02/23,29.30,29.45,29.11,29.36,2678605,78406336.00
2017/02/24,29.36,29.75,29.10,29.63,2385579,70431472.00
2017/02/27,29.71,30.06,29.34,29.53,3547965,105338520.00
2017/02/28,29.58,29.76,29.21,29.36,2278800,66963632.00
2017/03/01,29.39,29.78,29.21,29.75,2599083,76877936.00
2017/03/02,29.90,29.90,29.25,29.39,4388307,129067120.00
2017/03/03,29.30,29.55,28.99,29.14,2533514,73874736.00
2017/03/06,29.10,29.67,29.08,29.51,3203255,94152720.00
2017/03/07,29.49,29.88,29.40,29.72,2859222,84638720.00
2017/03/08,29.73,30.57,29.63,30.13,5637181,170613424.00
2017/03/09,30.30,30.30,29.57,30.11,2867170,85805472.00
2017/03/10,30.10,30.27,29.71,29.84,1562796,46776496.00
2017/03/13,30.08,30.38,29.60,30.36,3180465,95695416.00
2017/03/14,30.38,30.96,29.75,29.93,4365002,132580352.00
2017/03/15,29.60,30.79,29.60,30.76,5874721,177617296.00
2017/03/16,30.76,31.40,30.48,30.87,4767123,147692112.00
2017/03/17,30.82,31.55,30.82,31.25,5222148,163147632.00
2017/03/20,31.40,31.42,30.80,31.31,2927068,90951688.00
2017/03/21,31.28,32.60,31.15,32.03,4944340,158286160.00
2017/03/22,31.50,32.28,31.40,31.72,3402120,108064056.00
2017/03/23,31.59,31.73,31.05,31.37,2969402,92829704.00
2017/03/24,31.33,32.30,31.16,32.26,3687617,117645896.00
2017/03/27,32.21,32.91,31.33,31.49,3314022,105469384.00
2017/03/29,30.91,31.50,30.54,30.80,4551317,140607904.00
2017/03/30,30.78,31.12,30.33,30.44,2284074,69957624.00
2017/03/31,30.43,30.70,30.16,30.47,2513734,76521160.00
2017/04/05,31.90,33.00,30.90,32.99,10479990,336597728.00
2017/04/06,33.00,33.00,32.20,32.24,4795783,155817600.00
2017/04/07,32.01,35.00,31.83,33.36,14971837,503206080.00
2017/04/10,33.70,35.48,33.49,34.81,14818619,515383456.00
2017/04/11,34.33,36.02,34.05,35.03,13031077,458323968.00
2017/04/12,35.19,35.30,32.88,33.11,8141361,275821024.00
2017/04/13,33.12,35.58,33.08,34.57,9512374,330440192.00
2017/04/14,34.55,35.60,33.68,34.79,9333203,323014304.00
2017/04/17,34.45,34.50,33.45,33.86,4536790,153904144.00
2017/04/18,33.86,34.48,32.71,32.78,5394330,182783456.00
2017/04/19,32.83,33.95,32.06,33.88,5749275,189794592.00
2017/04/20,34.43,36.30,33.82,34.82,10583427,369056736.00
2017/04/21,34.20,35.17,33.82,33.89,5234885,179989744.00
2017/04/24,33.88,35.33,33.25,34.96,6310655,217181056.00
2017/04/25,34.70,36.35,34.44,35.63,7811300,276797504.00
