date,open,high,low,close,vol,turn
2013/03/04,6.59,6.76,6.43,6.54,1987422,36744556.00
2013/03/05,6.54,6.76,6.48,6.76,1672269,31158286.00
2013/03/06,6.76,6.91,6.70,6.83,2130974,40424560.00
2013/03/07,6.85,6.92,6.60,6.66,1271036,23971318.00
2013/03/08,6.67,6.72,6.51,6.65,1101005,20306134.00
2013/03/11,6.65,6.68,6.55,6.63,541680,10016103.00
2013/03/12,6.64,6.65,6.12,6.21,1723790,30526208.00
2013/03/13,6.21,6.24,6.02,6.08,667995,11446373.00
2013/03/14,6.08,6.15,6.03,6.08,499907,8529469.00
2013/03/15,6.10,6.19,5.89,6.11,879848,15073908.00
2013/03/18,6.08,6.27,6.05,6.22,987752,17115978.00
2013/03/19,6.13,6.14,5.95,6.07,1009037,17173910.00
2013/03/20,6.07,6.24,6.05,6.23,1123871,19506000.00
2013/03/21,6.23,6.35,6.21,6.26,914339,16105668.00
2013/03/22,6.26,6.31,6.20,6.26,734388,12886506.00
2013/03/25,6.28,6.28,6.23,6.26,507558,8904287.00
2013/03/26,6.25,6.25,6.05,6.17,525092,9059317.00
2013/03/27,6.18,6.23,6.12,6.16,368641,6388982.00
2013/03/28,6.12,6.13,5.96,5.96,711527,12028985.00
2013/03/29,5.96,6.03,5.92,5.99,309629,5209304.50
2013/04/01,5.90,6.08,5.89,6.06,282383,4796910.00
2013/04/02,6.16,6.18,5.97,6.00,399024,6830957.00
2013/04/03,6.10,6.10,5.97,6.01,272922,4599830.00
2013/04/08,5.97,5.99,5.86,5.96,385036,6419169.00
2013/04/09,5.99,6.01,5.89,5.96,523230,8773878.00
2013/04/10,5.93,5.96,5.71,5.80,657380,10761246.00
2013/04/11,5.83,5.84,5.73,5.73,356100,5792295.00
2013/04/12,5.74,5.80,5.66,5.75,232089,3774504.25
2013/04/15,5.76,5.80,5.66,5.67,246661,3970964.00
2013/04/16,5.67,5.75,5.62,5.72,291859,4682656.00
2013/04/17,5.71,5.83,5.68,5.82,343685,5582832.00
2013/04/18,5.81,5.88,5.80,5.85,319440,5257586.50
2013/04/19,5.78,5.93,5.62,5.92,2350831,38123632.00
2013/04/22,5.81,5.84,5.76,5.80,971737,15906751.00
2013/04/23,5.80,5.80,5.48,5.50,920140,14623163.00
2013/04/24,5.42,5.58,5.42,5.56,682244,10672145.00
2013/04/25,5.55,5.58,5.47,5.47,523900,8186392.00
2013/04/26,5.49,5.53,5.40,5.40,420359,6509242.00
2013/05/02,5.43,5.46,5.39,5.44,231650,3564730.25
2013/05/03,5.47,5.58,5.46,5.55,538303,8449196.00
2013/05/06,5.57,5.70,5.53,5.66,585216,9312321.00
2013/05/07,5.66,5.67,5.59,5.64,334528,5322799.50
2013/05/08,5.66,5.70,5.64,5.67,435415,6976834.50
2013/05/09,5.65,5.78,5.63,5.74,680809,10988279.00
2013/05/10,5.75,5.93,5.72,5.90,950342,15592066.00
2013/05/13,5.91,5.91,5.83,5.90,476750,7887853.50
2013/05/14,5.93,5.93,5.74,5.76,464243,7604490.00
2013/05/15,5.87,6.08,5.85,6.04,1202059,20288270.00
2013/05/16,6.09,6.10,6.00,6.04,734470,12481118.00
2013/05/17,6.01,6.07,6.01,6.06,938942,15967707.00
2013/05/20,6.13,6.34,6.13,6.29,1498058,26250766.00
2013/05/21,6.26,6.28,6.10,6.27,2229664,38754308.00
2013/05/22,6.25,6.34,6.05,6.13,1869730,24275396.00
2013/05/23,6.03,6.12,5.95,6.04,2021156,25532290.00
2013/05/24,6.04,6.30,5.99,6.26,1822922,23558186.00
2013/05/27,6.25,6.26,6.13,6.15,1828584,23657186.00
2013/05/28,6.16,6.23,6.11,6.20,1008224,13061557.00
2013/05/29,6.20,6.31,6.15,6.26,2080444,27140818.00
2013/05/30,6.21,6.21,6.10,6.11,2049148,26394468.00
2013/05/31,6.11,6.16,6.06,6.08,1096061,14036548.00
2013/06/03,6.05,6.14,6.05,6.06,714176,9109118.00
2013/06/04,6.06,6.13,5.91,5.95,932873,11787289.00
2013/06/05,5.95,5.99,5.90,5.95,490832,6122885.00
2013/06/06,5.94,6.04,5.88,5.88,501560,6272049.00
2013/06/07,5.87,5.94,5.70,5.74,636152,7766151.00
2013/06/13,5.71,5.71,5.50,5.52,515849,6058251.00
2013/06/14,5.56,5.63,5.54,5.60,455422,5358643.50
2013/06/17,5.63,5.69,5.59,5.67,477694,5688804.00
2013/06/18,5.67,5.69,5.55,5.58,587465,6916597.50
2013/06/19,5.58,5.58,5.34,5.46,654359,7488624.00
2013/06/20,5.44,5.44,5.25,5.26,521910,5887458.50
2013/06/21,5.20,5.24,5.10,5.21,664568,7235152.00
2013/06/24,5.19,5.19,4.84,4.84,691917,7266843.50
2013/06/25,4.83,4.85,4.39,4.76,710862,7068890.00
2013/06/26,4.76,4.82,4.68,4.76,619609,6266783.00
2013/06/27,4.81,4.84,4.62,4.63,617450,6223173.50
2013/06/28,4.58,4.75,4.50,4.64,429110,4221422.00
2013/07/01,4.62,4.75,4.55,4.74,547090,5466147.00
2013/07/02,4.95,4.95,4.75,4.89,909181,9427813.00
2013/07/03,4.84,4.85,4.68,4.80,939645,9490327.00
2013/07/04,4.78,4.99,4.73,4.90,1022000,10610163.00
2013/07/05,4.93,4.94,4.85,4.86,706543,7332285.00
2013/07/08,4.75,4.75,4.52,4.52,964500,9511713.00
2013/07/09,4.50,4.60,4.44,4.48,630960,6054198.50
2013/07/10,4.51,4.62,4.49,4.62,541075,5268599.50
2013/07/11,4.60,4.85,4.60,4.81,998131,10153874.00
2013/07/12,4.80,4.92,4.70,4.80,976403,9968917.00
2013/07/15,4.70,4.87,4.70,4.86,721586,7401961.00
2013/07/16,4.88,5.04,4.86,5.01,1511635,15936045.00
2013/07/17,5.02,5.03,4.85,4.85,907549,9490614.00
2013/07/18,4.85,4.89,4.79,4.83,611438,6258960.00
2013/07/19,4.83,4.89,4.67,4.68,936019,9512628.00
2013/07/22,4.64,4.78,4.55,4.76,717209,7150217.50
2013/07/23,4.72,4.92,4.72,4.88,1015726,10488573.00
2013/07/24,4.89,5.11,4.89,5.09,2101558,22437644.00
2013/07/25,5.10,5.10,4.91,4.92,1320923,13961739.00
2013/07/26,4.93,5.02,4.89,4.96,971168,10214567.00
2013/07/29,4.96,5.08,4.87,4.94,1254465,13222778.00
2013/07/30,4.90,4.98,4.80,4.95,750137,7805243.00
2013/07/31,4.99,5.00,4.85,4.89,669936,7010484.50
2013/08/01,4.89,5.08,4.87,5.06,1305105,13885003.00
2013/08/02,5.06,5.10,5.02,5.10,1279455,13709251.00
2013/08/05,5.13,5.53,5.07,5.42,3316701,37351216.00
2013/08/06,5.39,5.45,5.31,5.39,1619553,18379732.00
2013/08/07,5.36,5.39,5.22,5.27,1560924,17443256.00
2013/08/08,5.27,5.33,5.15,5.28,1066156,11896598.00
2013/08/09,5.28,5.39,5.26,5.35,1154071,12994561.00
2013/08/12,5.33,5.42,5.31,5.40,1208956,13687765.00
2013/08/13,5.42,5.49,5.35,5.48,1273329,14606430.00
2013/08/14,5.47,5.68,5.47,5.52,2276905,26785090.00
2013/08/15,5.52,5.56,5.34,5.34,1308443,15001877.00
2013/08/16,5.28,5.46,5.16,5.16,1371565,15355442.00
2013/08/19,5.16,5.30,5.15,5.28,775019,8551446.00
2013/08/20,5.26,5.31,5.24,5.30,863426,9618167.00
2013/08/21,5.31,5.42,5.24,5.42,1228708,13903690.00
2013/08/22,5.44,5.44,5.31,5.36,1193267,13530069.00
2013/08/23,5.36,5.38,5.16,5.23,1299911,14478219.00
2013/08/26,5.28,5.36,5.25,5.34,895950,10070576.00
2013/08/27,5.34,5.45,5.30,5.44,1165430,13217338.00
2013/08/28,5.40,5.43,5.34,5.34,1073862,12216176.00
2013/08/29,5.39,5.39,5.31,5.35,756605,8543567.00
2013/08/30,5.35,5.35,5.25,5.25,1257625,14046766.00
2013/09/02,5.25,5.39,5.23,5.35,767942,8608955.00
2013/09/03,5.36,5.41,5.31,5.40,946413,10721893.00
2013/09/04,5.40,5.42,5.31,5.34,909230,10277553.00
2013/09/05,5.37,5.37,5.30,5.33,704772,7924549.50
2013/09/06,5.30,5.34,5.25,5.32,613085,6866097.00
2013/09/09,5.29,5.40,5.20,5.38,1694441,19025524.00
2013/09/10,5.40,5.41,5.35,5.38,851921,9660301.00
2013/09/11,5.38,5.39,5.29,5.33,1265943,14255333.00
2013/09/12,5.35,5.39,5.31,5.35,941588,10640260.00
2013/09/13,5.36,5.57,5.36,5.49,2743357,31739242.00
2013/09/16,5.50,6.07,5.50,6.07,5501767,68217712.00
2013/09/17,6.29,6.51,6.10,6.29,10667309,140908768.00
2013/09/18,6.31,6.64,6.23,6.42,7050414,94400512.00
2013/09/23,6.46,6.54,6.27,6.49,5619595,75172560.00
2013/09/24,6.45,7.04,6.40,7.00,7220455,103367400.00
2013/09/25,6.88,7.08,6.79,6.89,4969361,72134008.00
2013/09/26,6.87,7.05,6.71,6.71,3282565,47055980.00
2013/09/27,6.65,6.89,6.62,6.76,2379159,33547622.00
2013/09/30,6.78,6.90,6.59,6.88,3130309,44032348.00
2013/10/08,6.88,7.00,6.71,6.99,2957807,42269172.00
2013/10/09,6.89,7.31,6.88,7.30,4576081,67741544.00
2013/10/10,7.26,7.38,7.10,7.13,2910507,43738328.00
2013/10/11,7.14,7.24,6.98,7.17,3833344,56625036.00
2013/10/14,7.19,7.19,7.03,7.12,2490566,36814508.00
2013/10/15,7.10,7.50,7.04,7.39,3680607,55939836.00
2013/10/16,7.36,7.38,6.88,6.99,3263818,47910176.00
2013/10/17,6.98,7.34,6.98,7.08,3162606,47427600.00
2013/10/18,7.09,7.25,6.83,6.91,1812639,26181466.00
2013/10/21,6.90,6.96,6.70,6.94,3258029,46563200.00
2013/10/22,6.93,6.97,6.84,6.88,2970535,42754564.00
2013/10/23,6.88,7.14,6.75,6.76,2715924,39374688.00
2013/10/24,6.74,6.81,6.44,6.45,2743643,37647300.00
2013/10/25,6.45,6.59,6.30,6.55,1370977,18551130.00
2013/10/28,6.57,7.13,6.50,6.72,1519778,21235680.00
2013/10/29,6.72,6.76,6.26,6.72,1783729,24351006.00
2013/10/30,6.61,6.75,6.61,6.72,1078638,15108952.00
2013/10/31,6.73,6.78,6.62,6.69,787872,10962001.00
2013/11/01,6.67,6.70,6.44,6.64,1025721,14042908.00
2013/11/04,6.64,6.73,6.58,6.64,888624,12390374.00
2013/11/05,6.61,6.70,6.52,6.64,1105816,15289509.00
2013/11/06,6.62,6.68,6.52,6.61,1084565,14928747.00
2013/11/07,6.64,6.92,6.58,6.64,1217052,16955002.00
2013/11/08,6.46,6.68,6.45,6.54,465130,6394226.50
2013/11/11,6.70,6.70,6.44,6.51,542261,7382514.00
2013/11/12,6.59,6.60,6.48,6.51,612553,8339381.00
2013/11/13,6.50,6.59,6.37,6.53,1191188,16178300.00
2013/11/14,6.51,6.57,6.38,6.53,811868,11041749.00
2013/11/15,6.53,6.79,6.53,6.72,2222780,31192360.00
2013/11/18,6.86,6.86,6.65,6.80,2031916,28742618.00
2013/11/19,6.81,7.10,6.77,7.09,3352560,48357640.00
2013/11/20,7.05,7.08,6.88,6.97,1854838,26944868.00
2013/11/21,6.95,6.98,6.74,6.84,1896254,27008046.00
2013/11/22,6.77,6.93,6.77,6.87,1142703,16375582.00
2013/11/25,6.89,7.15,6.77,7.10,3457879,50760080.00
2013/11/26,7.11,7.18,7.02,7.14,1510897,22294044.00
2013/11/27,7.14,7.14,6.98,7.13,1348313,19880940.00
2013/11/28,7.17,7.26,7.08,7.20,1862282,27852444.00
2013/11/29,7.17,7.63,7.17,7.55,4419386,68449880.00
2013/12/02,7.25,7.49,6.89,6.90,3671847,54611464.00
2013/12/03,6.86,7.00,6.62,7.00,2569770,36617892.00
2013/12/04,6.98,7.36,6.95,7.20,2245062,33766100.00
2013/12/05,7.24,7.35,7.11,7.32,1566626,23622160.00
2013/12/06,7.32,7.38,7.24,7.27,1970527,30057244.00
2013/12/09,7.27,7.58,7.27,7.56,2495085,38684620.00
2013/12/10,7.56,7.63,7.37,7.49,1680683,26111274.00
2013/12/11,7.36,7.61,7.32,7.60,1602688,24779868.00
2013/12/12,7.61,7.65,7.51,7.59,1249241,19684606.00
2013/12/13,7.52,7.65,7.37,7.42,1293683,20167704.00
2013/12/16,7.42,7.48,6.94,7.00,2027988,30145586.00
2013/12/17,7.00,7.07,6.73,6.80,1506219,21586178.00
2013/12/18,6.76,6.97,6.76,6.84,773147,11074374.00
2013/12/19,6.85,6.95,6.80,6.83,561079,8022393.50
2013/12/20,6.83,6.89,6.48,6.56,1109950,15368938.00
2013/12/23,6.56,6.65,6.37,6.54,932800,12681200.00
2013/12/24,6.67,6.85,6.50,6.78,1389509,19604876.00
2013/12/25,6.79,6.92,6.75,6.88,782863,11210443.00
2013/12/26,6.92,6.99,6.72,6.75,749826,10724818.00
2013/12/27,6.84,6.98,6.75,6.91,1096020,15781285.00
2013/12/30,6.88,7.06,6.87,7.03,1065923,15574285.00
2013/12/31,6.97,7.05,6.84,7.00,1055947,15258922.00
2014/01/02,6.99,7.00,6.89,6.99,1168196,16951606.00
2014/01/03,6.96,7.02,6.68,6.70,1381419,19665816.00
2014/01/06,6.65,6.65,6.44,6.44,917039,12474265.00
2014/01/07,6.44,6.58,6.41,6.51,511776,6974190.50
2014/01/08,6.47,6.67,6.45,6.55,619374,8522591.00
2014/01/09,6.55,6.63,6.38,6.42,487810,6678709.00
2014/01/10,6.37,6.45,6.33,6.33,482797,6445209.00
2014/01/13,6.29,6.40,6.25,6.35,645500,8540702.00
2014/01/14,6.35,6.58,6.35,6.58,600292,8163017.00
2014/01/15,6.60,6.64,6.51,6.61,492383,6756969.00
2014/01/16,6.63,6.68,6.56,6.58,430468,5942276.00
2014/01/17,6.58,6.64,6.54,6.59,329459,4540982.50
2014/01/20,6.50,6.59,6.44,6.50,527921,7174798.50
2014/01/21,6.44,6.60,6.44,6.58,670330,9188476.00
2014/01/22,6.54,6.74,6.50,6.67,749660,10431702.00
2014/01/23,6.68,6.73,6.59,6.72,1445037,20076718.00
2014/01/24,6.65,6.83,6.65,6.79,1177665,16704880.00
2014/01/27,6.74,6.79,6.56,6.67,936586,13018092.00
2014/01/28,6.66,6.67,6.53,6.61,552299,7628178.50
2014/01/29,6.61,6.66,6.25,6.44,2773547,37348592.00
2014/01/30,6.41,6.44,6.26,6.30,1096942,14480915.00
2014/02/07,6.31,6.49,6.22,6.49,1198952,15918406.00
2014/02/10,6.59,7.09,6.59,6.97,4028881,58082012.00
2014/02/11,6.96,7.08,6.87,7.07,3351535,49005852.00
2014/02/12,7.13,7.27,7.03,7.09,3339620,49463044.00
2014/02/13,7.08,7.45,7.02,7.26,4769094,72360648.00
2014/02/14,7.26,7.34,7.14,7.31,2584766,39049860.00
2014/02/17,7.35,7.38,7.22,7.33,2597065,39358556.00
2014/02/18,7.35,7.63,7.29,7.51,4161808,65058012.00
2014/02/19,7.54,7.58,7.38,7.39,2342642,36315616.00
2014/02/20,7.40,7.49,7.17,7.17,2853304,43149804.00
2014/02/21,7.11,7.33,7.10,7.31,1861132,27925968.00
2014/02/24,7.30,7.47,7.16,7.45,2213442,33696780.00
2014/02/25,7.42,7.59,6.96,6.96,4205420,64530692.00
2014/02/26,7.15,7.68,7.15,7.68,10276441,162951904.00
2014/02/27,7.70,8.30,7.67,8.04,13952719,228803680.00
2014/02/28,7.80,7.90,7.48,7.68,6263936,100087712.00
2014/03/03,7.55,7.93,7.55,7.83,5015212,81218912.00
2014/03/04,7.70,7.77,7.51,7.62,3742892,59086648.00
2014/03/05,7.62,7.74,7.50,7.52,2722461,42996724.00
2014/03/06,7.45,7.51,7.24,7.37,2867856,43862264.00
2014/03/07,7.34,7.48,7.27,7.32,2183259,33537908.00
2014/03/10,7.21,7.24,6.89,6.93,2103707,30853830.00
2014/03/11,6.92,7.03,6.86,7.00,1317647,19127958.00
2014/03/12,7.00,7.05,6.87,7.00,1262747,18353344.00
2014/03/13,7.00,7.17,6.95,7.11,1954502,28824138.00
2014/03/14,7.08,7.17,7.00,7.11,990235,14646948.00
2014/03/17,7.12,7.26,7.09,7.24,1394967,20875406.00
2014/03/18,7.26,7.79,7.26,7.50,4007600,62808340.00
2014/03/19,7.52,7.71,7.39,7.61,2737141,43145868.00
2014/03/20,7.60,7.83,7.53,7.53,3212923,51426804.00
2014/03/21,7.49,7.63,7.20,7.59,2599132,39989876.00
2014/03/24,7.55,7.80,7.51,7.70,2437230,38959576.00
2014/03/25,7.68,7.69,7.43,7.45,2318974,36240564.00
2014/03/26,7.45,7.52,7.30,7.33,1906153,29354798.00
2014/03/27,7.30,7.31,7.14,7.14,1765681,26467232.00
2014/03/28,7.13,7.25,7.12,7.23,1232704,18438672.00
2014/03/31,7.25,7.28,7.06,7.09,892714,13298297.00
2014/04/01,7.10,7.41,7.10,7.40,1148343,17439742.00
2014/04/02,7.36,7.40,7.22,7.27,1082036,16475883.00
2014/04/03,7.28,7.37,7.19,7.25,969744,14681577.00
2014/04/04,7.18,7.28,7.00,7.23,804531,12013134.00
2014/04/08,7.18,7.89,7.11,7.85,4939394,78280936.00
2014/04/09,7.85,7.88,7.67,7.83,3247245,52464544.00
2014/04/10,7.83,7.89,7.76,7.77,2859236,46458504.00
2014/04/11,7.71,8.02,7.71,7.76,2850609,46469168.00
2014/04/14,7.76,8.00,7.61,8.00,2869394,46864428.00
2014/04/15,7.94,8.09,7.81,7.82,3219472,53252932.00
2014/04/16,7.82,7.92,7.72,7.80,1895625,30696456.00
2014/04/17,7.83,8.30,7.83,8.15,4548344,76796264.00
2014/04/18,8.18,8.34,8.03,8.28,2915684,49441412.00
2014/08/21,9.11,9.11,9.11,9.11,43603,798806.94
2014/08/22,10.03,10.03,10.03,10.03,17868,360040.19
2014/08/25,11.04,11.04,11.04,11.04,46240,1025140.81
2014/08/26,12.15,12.15,12.15,12.15,95225,2322537.75
2014/08/27,13.37,13.37,13.37,13.37,162496,4359767.50
2014/08/28,14.71,14.71,14.71,14.71,240994,7111733.00
2014/08/29,16.18,16.18,16.18,16.18,4383981,142304016.00
2014/09/01,17.45,17.81,17.21,17.81,24843699,880074240.00
2014/09/05,19.45,19.59,19.08,19.59,12234972,479227456.00
2014/09/09,19.56,20.19,18.71,19.65,16794603,655372160.00
2014/09/10,19.59,20.66,19.59,20.41,13896222,558923776.00
2014/09/11,20.15,20.35,19.30,19.85,12010502,477353824.00
2014/09/12,19.70,20.55,19.70,19.85,8491120,340765408.00
2014/09/15,19.70,21.43,19.20,20.82,13321814,544071680.00
2014/09/16,20.53,20.70,18.73,18.73,13658224,532690560.00
2014/09/17,18.88,19.48,18.71,19.08,6766124,258854816.00
2014/09/18,18.49,18.74,17.91,18.17,10656336,390976256.00
2014/09/19,17.80,18.60,17.73,18.22,7471444,273176800.00
2014/09/22,18.25,18.64,18.07,18.46,6971786,256526784.00
2014/09/23,18.23,18.81,18.08,18.53,6793625,251756272.00
2014/09/24,18.57,19.81,18.55,19.01,10070810,387279808.00
2014/09/25,19.15,20.40,19.10,19.39,9857124,383723584.00
2014/09/26,19.50,21.34,19.10,21.34,9545189,388745472.00
2014/09/29,21.85,22.11,19.20,19.20,17112246,692987584.00
2014/09/30,19.50,19.75,18.96,19.43,7421126,288701408.00
2014/10/08,19.16,19.74,18.98,19.48,6173234,240345936.00
2014/10/09,19.48,19.60,18.85,19.08,6232143,238829360.00
2014/10/10,18.90,19.12,18.63,19.00,3621142,137105536.00
2014/10/13,18.99,19.34,18.95,19.12,3987309,153466336.00
2014/10/14,19.15,19.65,18.90,19.65,5485165,212269232.00
2014/10/15,19.73,19.88,18.84,18.85,6342741,244622288.00
2014/10/16,18.79,19.06,18.46,18.57,4332865,163178000.00
2014/10/17,18.50,19.04,18.40,18.90,3690581,138602288.00
2014/10/20,18.91,19.77,18.70,19.45,5088879,197851872.00
2014/10/21,19.31,19.40,18.54,18.73,3928529,149324160.00
2014/10/22,18.69,18.88,18.46,18.47,2101700,78611592.00
2014/10/23,18.44,18.70,18.21,18.52,1827277,67468720.00
2014/10/24,18.64,18.90,18.50,18.58,1638246,61444508.00
2014/10/27,18.60,19.04,18.40,18.79,1680351,63391136.00
2014/10/28,18.86,19.14,18.75,19.07,2919770,111132512.00
2014/10/29,19.13,19.69,19.10,19.35,5153683,200659680.00
2014/10/30,19.30,19.59,19.00,19.13,3247361,125388568.00
2014/10/31,19.08,19.20,18.63,18.90,2359607,89205440.00
2014/11/03,18.83,19.58,18.80,19.28,4032283,156205728.00
2014/11/04,19.08,19.48,18.75,18.78,2780484,105740232.00
2014/11/05,18.73,19.24,18.55,18.85,2086779,79093288.00
2014/11/06,18.86,19.34,18.84,19.30,2620362,100759520.00
2014/11/07,19.40,19.70,19.09,19.30,4126830,160662000.00
2014/11/10,19.23,19.36,18.72,19.04,2291157,87467216.00
2014/11/11,19.04,19.24,18.30,18.54,2651887,99450576.00
2014/11/12,18.89,18.89,18.48,18.85,1871398,69977760.00
2014/11/13,18.76,18.85,17.85,17.95,3384048,123346184.00
2014/11/14,17.95,18.10,17.71,18.05,1643583,58985172.00
2014/11/17,18.07,19.05,17.86,18.98,2693766,100229032.00
2014/11/18,18.95,19.04,18.48,18.53,1793553,67226152.00
2014/11/19,18.53,20.30,18.53,19.43,5758271,226237744.00
2014/11/20,19.24,21.38,19.23,21.38,9334258,388980352.00
2014/11/21,20.96,21.24,20.19,20.75,8391817,347887616.00
2014/11/24,20.73,20.94,20.40,20.65,3884707,160768160.00
2014/11/25,20.65,21.14,20.20,20.71,4252101,176450432.00
2014/11/26,20.59,20.75,20.02,20.26,3274491,133377536.00
2014/11/27,20.28,20.58,20.07,20.28,2184102,88976624.00
2014/11/28,20.27,22.20,20.18,21.35,6148350,262035664.00
2014/12/01,21.19,23.43,21.07,21.87,5424025,240375120.00
2014/12/02,21.94,22.55,21.70,22.02,3521721,155534976.00
2014/12/03,22.25,22.35,20.36,21.33,6433195,273628736.00
2014/12/04,21.20,21.56,20.83,21.01,3076611,130580200.00
2014/12/05,20.53,21.05,19.95,20.54,3803920,156963104.00
2014/12/08,19.95,20.46,19.70,20.35,3007640,121527032.00
2014/12/09,20.30,20.30,19.20,19.40,3256084,129441816.00
2014/12/10,19.13,20.45,19.11,19.95,2080152,82478128.00
2014/12/11,19.90,21.33,19.71,21.08,2694198,111695160.00
2014/12/12,20.96,21.45,20.73,21.35,1939944,82024168.00
2014/12/15,20.70,21.49,20.58,21.11,1924624,81409728.00
2014/12/16,21.11,21.90,20.69,21.82,2892038,123742136.00
2014/12/17,21.82,21.82,21.29,21.48,1854856,79696096.00
2014/12/18,21.33,21.73,20.60,20.90,2336958,98833152.00
2014/12/19,21.28,21.68,19.95,20.39,2168141,89500832.00
2014/12/22,19.95,19.97,18.34,18.34,2750080,102632680.00
2014/12/23,17.20,18.09,17.17,17.25,3101213,108992336.00
2014/12/24,17.52,18.44,17.52,18.39,1997030,72096504.00
2014/12/25,18.30,18.53,17.99,18.22,1184635,43231772.00
2014/12/26,17.96,18.44,17.79,17.88,1287763,46499844.00
2014/12/29,17.85,17.85,16.18,16.45,3692890,124566112.00
2014/12/30,16.45,16.84,16.29,16.80,1529072,50738928.00
2014/12/31,16.90,17.24,16.65,17.05,1382915,47058212.00
2015/01/05,18.44,18.44,17.31,17.70,2348723,83966384.00
2015/01/06,17.60,17.60,16.84,17.41,1950691,67395384.00
2015/01/07,17.34,17.67,17.15,17.45,927938,32448440.00
2015/01/08,17.45,17.85,17.24,17.78,1438848,50874960.00
2015/01/09,17.93,18.25,17.47,17.50,1489902,53727632.00
2015/01/12,17.60,17.94,17.24,17.70,1192669,42417904.00
2015/01/13,17.74,18.38,17.56,18.30,1456126,52728616.00
2015/01/14,18.35,18.87,18.08,18.73,1645215,61419960.00
2015/01/15,18.76,18.89,18.46,18.70,926368,34552160.00
2015/01/16,18.76,19.28,18.57,19.28,1604533,61446124.00
2015/01/19,18.90,20.00,18.72,19.50,2429319,95503000.00
2015/01/20,19.90,20.37,19.35,20.25,1823724,72581192.00
2015/01/21,20.25,20.25,19.73,19.88,1842892,73602344.00
2015/01/22,19.95,20.05,19.71,19.85,1890479,75198464.00
2015/01/23,19.93,19.93,18.78,18.94,3125746,120242880.00
2015/01/26,19.01,19.32,18.93,19.18,1757562,67382144.00
2015/01/27,19.19,19.30,18.80,19.10,1467489,56140680.00
2015/01/28,19.28,19.85,19.27,19.63,2399791,93990128.00
2015/01/29,19.60,20.03,19.35,19.63,1493134,59397084.00
2015/01/30,19.61,19.85,19.28,19.39,1184037,46259764.00
2015/02/02,19.75,19.78,19.35,19.55,1343236,52669144.00
2015/02/03,19.56,20.99,19.42,20.64,3126488,128614320.00
2015/02/04,20.53,20.85,20.30,20.30,1466083,60278372.00
2015/02/05,20.44,20.59,19.70,19.75,1670255,67203992.00
2015/02/06,19.95,19.95,19.10,19.25,1605931,62237164.00
2015/02/09,19.23,19.43,19.05,19.24,784238,30257844.00
2015/02/10,19.30,19.45,18.92,19.15,1173664,45117684.00
2015/02/11,19.30,19.39,18.90,19.23,1212414,46540752.00
2015/02/12,19.13,19.89,19.00,19.52,1278547,50210704.00
2015/02/13,19.70,19.84,19.38,19.59,1506107,59297532.00
2015/02/16,19.64,20.11,19.55,20.00,1634196,65308080.00
2015/02/17,20.11,20.75,19.95,20.75,2313660,94845296.00
2015/02/25,20.75,22.39,20.55,22.17,3825892,166074704.00
2015/02/26,21.96,22.28,21.27,21.50,2109609,91516640.00
2015/02/27,21.55,22.50,21.33,22.05,2176583,96272272.00
2015/03/02,21.84,22.40,21.68,22.07,2228926,98630264.00
2015/03/03,21.90,22.34,21.35,21.42,2917116,127353184.00
2015/03/04,21.45,23.57,20.96,23.57,5349259,245488048.00
2015/03/05,23.89,24.78,23.47,23.55,4996321,239765968.00
2015/03/06,23.30,24.86,23.20,24.44,3414349,166377952.00
2015/03/09,24.08,24.84,23.37,23.95,3244367,155836432.00
2015/03/10,24.20,24.75,23.95,24.40,2452296,120079920.00
2015/03/11,24.35,24.70,23.20,23.45,2882534,137800080.00
2015/03/12,23.54,23.84,22.45,23.12,2079340,96257176.00
2015/03/13,23.45,23.75,22.86,23.14,2406066,112488752.00
2015/03/16,22.90,23.75,22.75,23.60,2699100,126914800.00
2015/03/17,23.95,24.13,23.15,23.42,2382500,112885112.00
2015/03/18,23.49,23.78,23.25,23.50,1971100,92817520.00
2015/03/19,23.56,25.85,23.51,25.85,3726925,183057280.00
2015/03/20,25.65,28.25,25.29,27.08,4987455,270264928.00
2015/03/23,27.62,28.95,27.09,28.45,3122118,175134160.00
2015/03/24,28.45,28.60,26.65,28.00,3261546,180336976.00
2015/03/25,27.93,27.93,26.79,27.55,2001960,110012928.00
2015/03/26,27.63,30.31,26.96,29.65,4547776,268689088.00
2015/03/27,29.01,30.20,29.01,29.66,2074819,123251336.00
2015/03/30,30.00,30.25,28.35,28.85,2293614,133729576.00
2015/03/31,28.95,29.40,28.55,28.84,2176885,126545576.00
2015/04/01,28.95,30.45,28.95,30.13,2156853,129591448.00
2015/04/02,29.95,31.59,29.45,30.13,2654582,161432528.00
2015/04/03,29.71,30.36,29.55,30.10,1871972,112405136.00
2015/04/07,30.10,30.70,30.10,30.30,1745969,106121672.00
2015/04/08,30.46,30.70,29.20,29.70,1885170,113109768.00
2015/04/09,29.45,29.70,28.09,29.11,1703374,98148736.00
2015/04/10,29.55,32.02,28.96,32.02,3034026,187962272.00
2015/04/13,32.40,34.59,31.77,33.94,3246870,215697072.00
2015/04/14,33.90,36.29,32.49,35.29,2312458,160593040.00
2015/04/15,34.91,38.78,34.60,37.05,3520127,258863904.00
2015/04/16,37.02,38.68,36.45,37.25,2170877,163776800.00
2015/04/17,37.05,38.25,35.96,36.38,1791347,131639896.00
2015/04/20,36.95,38.20,35.25,36.70,2024162,149221168.00
2015/04/21,36.70,37.89,36.10,37.75,1745836,129562192.00
2015/04/22,37.77,40.78,37.75,39.93,2079738,165167280.00
2015/04/23,39.87,43.93,39.46,43.93,2280896,193364976.00
2015/04/24,41.23,43.85,41.23,42.84,2763084,235240864.00
2015/04/27,43.45,44.20,41.96,42.51,1850201,159385696.00
2015/04/28,42.51,42.51,39.00,39.20,2533292,204668880.00
2015/04/29,39.19,40.73,35.95,40.20,2022906,156821632.00
2015/04/30,39.54,40.75,39.45,39.95,1270934,102043184.00
2015/05/04,40.45,40.45,39.45,39.94,1008165,80722960.00
2015/05/05,42.95,42.95,40.06,40.45,1800646,149307888.00
2015/05/06,40.95,42.25,40.45,40.77,1560959,129009112.00
2015/05/07,40.85,41.25,38.96,39.26,1178656,93844536.00
2015/05/08,39.95,40.25,39.27,40.00,1244913,99340728.00
2015/05/11,40.35,41.57,39.55,41.13,2122987,172030416.00
2015/05/12,41.45,41.70,39.85,40.16,2442563,198222752.00
2015/05/13,40.21,42.95,39.38,41.76,2823678,232907264.00
2015/05/14,41.51,45.45,41.45,45.35,2874327,255066256.00
2015/05/15,45.37,45.47,42.45,43.17,2860893,248181040.00
2015/05/18,42.20,42.95,41.52,41.67,2540236,213538384.00
2015/05/19,41.88,42.09,39.46,40.64,3721344,300833152.00
2015/05/20,40.94,42.93,40.94,41.59,2021152,169610768.00
2015/05/21,41.64,43.17,41.44,43.15,2430345,205332544.00
2015/05/22,44.20,44.45,41.25,41.99,2805972,238726288.00
2015/05/25,41.50,42.95,40.45,41.65,2694313,224904336.00
2015/05/26,42.09,44.34,41.48,44.13,4257707,367884448.00
2015/05/27,43.95,48.55,43.39,48.55,4825134,448720000.00
2015/05/28,49.04,53.41,49.03,49.45,5115461,520593760.00
2015/05/29,50.46,52.06,45.70,50.71,3576771,355917728.00
2015/06/01,51.95,55.70,50.96,55.67,3125188,337425664.00
2015/06/02,57.75,59.89,57.45,59.02,2968744,348332736.00
2015/06/03,57.60,58.45,55.73,55.83,3157414,357390688.00
2015/06/04,56.70,58.94,50.51,58.54,3294267,375547840.00
2015/06/05,58.54,61.95,58.54,61.95,2759779,333370528.00
2015/06/08,60.45,61.45,57.95,60.10,2500904,299966272.00
2015/06/09,58.70,61.40,57.00,58.04,1902496,224652016.00
2015/06/10,58.40,59.77,56.80,58.24,1701146,199843712.00
2015/06/11,58.45,64.07,58.04,64.07,2241960,271816064.00
2015/06/12,65.45,70.45,65.39,69.89,2346541,321643264.00
2015/06/15,69.89,71.85,67.45,68.45,2056944,287115168.00
2015/06/16,66.90,69.25,65.34,66.35,1677891,224607760.00
2015/06/17,66.64,66.64,63.20,65.96,1637456,212874992.00
2015/07/01,59.36,59.36,59.36,59.36,193800,23025378.00
2015/07/02,53.42,53.42,53.42,53.42,23400,2502162.00
2015/07/03,48.07,48.07,48.07,48.07,184100,17717784.00
2015/07/06,43.26,46.95,43.26,43.26,4820809,421996224.00
2015/07/07,38.93,38.93,38.93,38.93,31200,2432352.00
2015/07/13,40.95,42.83,39.73,42.83,16264711,688796800.00
2015/07/14,44.95,47.05,42.76,44.45,16913398,763211968.00
2015/07/15,42.45,42.45,40.00,40.00,4093456,167453792.00
2015/07/16,36.00,39.53,36.00,36.00,20198728,739648256.00
2015/07/17,36.30,39.35,34.87,37.97,17134653,638003136.00
2015/07/20,37.95,40.05,37.36,39.00,12952666,502035936.00
2015/07/21,38.94,42.91,37.96,42.68,16240324,674052608.00
2015/07/22,42.85,43.53,39.95,41.67,15164585,636903360.00
2015/07/23,40.77,44.94,40.77,43.70,12200998,527812384.00
2015/07/24,43.76,44.41,41.95,42.35,12323311,535599328.00
2015/07/27,40.73,41.95,38.11,38.11,10055202,403833120.00
2015/07/28,34.30,36.91,34.29,34.29,14216625,492936032.00
2015/07/29,35.05,35.55,30.96,33.90,15505991,508368576.00
2015/07/30,33.93,35.08,31.70,32.40,10442992,355905632.00
2015/07/31,32.15,32.23,30.12,31.35,8367764,262639168.00
2015/08/03,31.66,33.63,30.95,32.29,9023347,291780992.00
2015/08/04,32.25,35.52,32.16,35.35,10758037,367996736.00
2015/08/05,35.30,38.89,34.75,38.89,13725173,508237312.00
2015/08/06,39.78,39.78,35.75,35.79,18249895,691113664.00
2015/08/07,36.05,37.37,36.05,36.92,9999201,368146496.00
2015/08/10,37.05,39.40,37.05,38.60,10652359,406561792.00
2015/08/11,38.45,38.93,37.45,37.81,9411484,357745920.00
2015/08/12,37.44,38.45,36.26,36.51,7442114,279487712.00
2015/08/13,35.96,37.13,35.50,36.93,6555159,239184048.00
2015/08/14,37.24,38.44,36.83,37.64,8203883,308229824.00
2015/08/17,37.05,39.25,36.15,39.25,11228757,423171232.00
2015/08/18,39.42,42.95,38.45,38.79,22510040,909755200.00
2015/08/19,36.96,38.75,34.93,38.25,13912571,517929824.00
2015/08/20,37.55,40.10,37.15,38.30,11272542,437537344.00
2015/08/21,37.30,37.78,34.85,34.95,8947758,326772576.00
2015/08/24,31.46,32.35,31.45,31.45,3041200,96044720.00
2015/08/25,28.30,28.30,28.30,28.30,1500600,42542008.00
2015/08/26,25.47,27.15,25.47,25.47,18868912,490481376.00
2015/08/27,25.45,26.44,22.92,23.93,15245201,371131936.00
2015/08/28,24.55,26.09,23.46,26.05,13762196,338922912.00
2015/08/31,25.45,25.45,23.44,23.44,9985625,244381520.00
2015/09/01,22.25,22.26,21.09,21.09,9452698,202055040.00
2015/09/02,19.25,21.27,18.98,18.98,15004610,293817600.00
2015/09/07,19.47,20.88,19.10,20.01,13083579,263836304.00
2015/09/08,19.78,22.02,19.78,22.02,17407977,375602688.00
2015/09/09,23.23,24.23,22.95,24.23,22534649,539624640.00
2015/09/10,23.95,25.30,23.65,23.90,17470494,429322944.00
2015/09/11,23.51,24.49,23.51,24.24,10405002,251489584.00
2015/09/14,24.44,24.83,21.81,21.81,15343697,355397664.00
2015/09/15,20.48,21.62,19.70,19.95,10216171,211159184.00
2015/09/16,20.48,21.95,20.17,21.95,11164034,236877008.00
2015/09/17,22.40,24.06,22.11,22.16,13933100,323651040.00
2015/09/18,22.74,23.50,22.26,23.23,9138626,210392848.00
2015/09/21,22.25,25.56,22.15,25.56,15027151,365511744.00
2015/09/22,26.15,26.58,24.66,25.56,15916159,411326496.00
2015/09/23,24.95,26.84,24.95,26.14,13763027,359051520.00
2015/09/24,26.21,26.58,25.86,26.41,9747091,255999456.00
2015/09/25,26.51,27.21,23.77,24.45,13668069,350564832.00
2015/09/28,24.50,26.43,23.95,26.05,11413608,289879072.00
2015/09/29,25.25,27.11,25.05,26.86,12912809,340005152.00
2015/09/30,27.14,27.26,25.93,26.27,8590220,227407984.00
2015/10/08,27.25,27.79,26.77,27.18,11348043,310595008.00
2015/10/09,27.18,27.63,26.51,27.53,10076130,273546208.00
2015/10/12,27.92,29.90,27.60,29.39,10786649,312118816.00
2015/10/13,28.86,30.70,28.81,29.95,10192756,303026208.00
2015/10/14,29.85,30.38,28.59,28.75,9546274,278910048.00
2015/10/15,28.48,29.88,28.48,29.86,7856977,230965552.00
2015/10/16,29.86,30.35,28.96,29.55,9470730,281096416.00
2015/10/19,29.45,29.67,28.48,28.89,9819679,285087712.00
2015/10/20,28.92,31.78,28.91,31.78,13792746,412212608.00
2015/10/21,31.78,32.23,28.60,28.60,18038511,553029888.00
2015/10/22,28.63,30.30,28.63,29.82,11470077,339121056.00
2015/10/23,30.28,32.81,30.28,32.81,20264523,655937792.00
2015/10/26,32.84,32.93,31.01,31.85,18846665,601241344.00
2015/10/27,31.45,31.87,29.55,31.52,11068382,341788192.00
2015/10/28,31.02,31.45,29.63,29.89,8858740,271411072.00
2015/10/29,30.25,30.44,29.18,29.78,6442341,193180368.00
2015/10/30,29.95,30.85,29.66,29.94,6958167,210617424.00
2015/11/02,28.95,29.68,28.02,28.24,8904526,257746816.00
2015/11/03,28.45,28.73,27.05,27.37,7523264,209483216.00
2015/11/04,27.54,28.93,27.53,28.91,8903867,252389952.00
2015/11/05,29.15,29.25,28.25,29.25,10379394,299039072.00
2015/11/06,29.19,30.95,28.55,30.75,11189753,339720384.00
2015/11/09,30.35,31.69,29.91,31.25,11407508,352414592.00
2015/11/10,30.95,33.45,30.75,32.96,15781038,505882368.00
2015/11/11,32.83,33.42,31.77,32.96,11918657,389777120.00
2015/11/12,32.76,33.19,32.08,32.32,9044881,293881120.00
2015/11/13,32.06,34.84,31.47,33.26,14910354,500971840.00
2015/11/16,32.15,34.12,31.89,33.80,8753762,291141216.00
2015/11/17,34.20,34.40,32.76,32.83,9303464,313239616.00
2015/11/18,32.75,33.59,32.30,32.35,6479881,213827056.00
2015/11/19,32.45,32.95,31.75,32.45,7001627,226045040.00
2015/11/20,32.35,34.12,32.25,33.32,9093926,304187456.00
2015/11/23,32.85,34.95,32.75,34.18,10884784,372322016.00
2015/11/24,33.97,34.49,32.94,34.18,7416116,249196880.00
2015/11/25,34.00,35.45,33.83,35.05,10117764,354702944.00
2015/11/26,35.33,38.56,35.08,38.56,13163951,491403680.00
2015/11/27,38.65,40.52,34.95,36.25,22271362,864120512.00
2015/11/30,36.53,39.88,36.50,39.88,19804413,762644544.00
2015/12/01,40.83,42.44,39.36,39.53,24452665,1003060544.00
2015/12/02,38.95,39.53,35.65,37.04,14518574,543555072.00
2015/12/03,37.22,38.70,37.15,38.56,9350395,354848864.00
2015/12/04,38.25,38.67,36.96,37.56,9509962,359659360.00
2015/12/07,37.45,37.45,36.06,37.04,7499928,276560672.00
2015/12/08,36.95,38.21,36.56,36.64,7708359,287650048.00
2015/12/09,36.45,36.50,35.00,35.14,8691255,309704896.00
2015/12/10,34.95,36.05,34.67,34.95,5908903,209669408.00
2015/12/11,35.09,36.03,34.96,35.61,5901673,210321552.00
2015/12/14,35.11,35.83,34.84,35.75,5060053,178701776.00
2015/12/15,35.76,37.54,35.65,36.92,7136172,263690832.00
2015/12/16,36.85,37.56,36.61,36.99,5590990,206888608.00
2015/12/17,37.01,38.00,37.01,37.50,7606870,286634272.00
2015/12/18,37.53,37.89,35.97,36.48,7381546,271335200.00
2015/12/21,36.48,37.28,36.05,36.59,5767617,211077376.00
2015/12/22,36.35,37.45,36.25,37.39,6408136,236547296.00
2015/12/23,37.45,37.73,36.15,36.24,6500653,238852944.00
2015/12/24,36.22,36.42,34.08,35.34,6477585,228747664.00
2015/12/25,35.02,35.81,34.96,35.35,3738253,132286680.00
2015/12/28,35.47,35.83,34.55,34.56,5166525,181921552.00
2015/12/29,34.56,34.90,33.86,34.34,4118437,140974896.00
2015/12/30,34.35,35.74,34.35,35.15,4463325,157405328.00
2015/12/31,34.97,35.64,34.57,34.72,3073077,107778280.00
2016/01/04,34.75,34.75,31.24,31.24,5874393,190069376.00
2016/01/05,29.17,30.93,28.18,29.37,7340423,217411440.00
2016/01/06,29.42,30.24,28.95,30.06,4778194,142463792.00
2016/01/07,29.00,29.42,27.05,27.05,1525200,43096208.00
2016/01/08,27.39,27.82,24.35,26.28,6778681,179830976.00
2016/01/11,25.45,25.45,23.65,23.65,7232463,177108048.00
2016/01/12,23.53,24.04,22.56,23.63,6269543,147110720.00
2016/01/13,23.84,24.03,21.99,22.12,4457800,104200000.00
2016/01/14,21.02,23.87,20.83,23.49,6176455,138284304.00
2016/01/15,23.25,23.47,21.95,22.15,4958084,112849456.00
2016/01/18,21.55,23.35,21.25,22.76,5791102,130976528.00
2016/01/19,22.85,24.20,22.75,23.92,5956355,140527584.00
2016/01/20,23.56,24.70,23.56,23.88,5857540,141650832.00
2016/01/21,23.45,24.55,23.17,23.26,4919418,117502544.00
2016/01/22,23.38,24.23,22.77,23.58,3522998,82647800.00
2016/01/25,24.03,24.13,23.20,23.53,3279530,78020320.00
2016/01/26,23.02,23.45,21.53,21.65,4143409,94442736.00
2016/01/27,21.75,23.82,21.35,23.82,16629707,388471680.00
2016/01/28,23.83,24.25,22.15,22.35,13937362,328061888.00
2016/01/29,21.55,23.52,21.55,23.18,8810146,200546560.00
2016/02/01,22.95,23.17,21.76,22.30,6249369,140196144.00
2016/02/02,22.75,23.45,22.55,23.15,5779842,133748952.00
2016/02/03,22.75,23.25,22.30,23.12,4444643,101341976.00
2016/02/04,24.61,25.44,24.47,25.44,3416064,86358920.00
2016/02/05,27.72,27.99,26.06,26.26,13563749,367191552.00
2016/02/15,25.50,25.78,24.43,25.45,7126028,180112160.00
2016/02/16,25.40,27.44,25.40,27.20,7979512,212605696.00
2016/02/17,27.15,27.15,26.28,26.98,7412511,198818624.00
2016/02/18,27.00,28.05,26.68,26.74,7777645,213282592.00
2016/02/19,26.85,27.10,26.10,26.66,4344487,115544976.00
2016/02/22,26.95,27.42,26.78,26.94,4733711,127966216.00
2016/02/23,27.00,27.69,26.75,27.25,5778863,157272336.00
2016/02/24,26.91,27.25,25.95,27.03,5101842,136637952.00
2016/02/25,26.78,27.03,24.32,24.32,7021905,178276320.00
2016/02/26,24.33,24.80,23.45,23.75,4891071,117370304.00
2016/02/29,23.86,23.94,22.00,22.91,5740241,132039736.00
2016/03/01,22.85,23.80,22.75,23.59,4112308,96283600.00
2016/03/02,23.75,24.78,23.73,24.78,4653158,113715120.00
2016/03/03,24.45,25.45,24.40,24.95,4212537,105236168.00
2016/03/04,24.75,24.95,23.47,24.28,3971578,96641336.00
2016/03/07,24.18,25.11,24.18,24.54,2980383,73872952.00
2016/03/08,24.46,25.74,23.60,25.54,5873458,146386224.00
2016/03/09,24.95,25.74,24.78,25.33,4139269,105064952.00
2016/03/10,25.36,25.75,24.25,24.33,2967334,73652904.00
2016/03/11,23.95,24.53,23.95,24.45,1802077,43868036.00
2016/03/14,24.73,25.73,24.73,25.22,3342247,84920584.00
2016/03/15,25.15,25.74,24.98,25.39,3501430,89315304.00
2016/03/16,25.60,25.89,25.12,25.13,2928413,74748544.00
2016/03/17,25.11,25.93,24.95,25.78,4545452,116572792.00
2016/03/18,25.77,26.89,25.77,26.55,5311986,140591488.00
2016/03/21,26.77,27.10,26.55,26.96,5429314,145872304.00
2016/03/22,26.94,27.22,26.62,26.76,4007468,108038280.00
2016/03/23,26.67,27.05,26.57,26.93,3253746,87390688.00
2016/03/24,26.74,26.93,26.11,26.12,4327537,114740728.00
2016/03/25,26.01,26.35,25.65,26.11,2651690,69022456.00
2016/03/28,26.12,27.19,26.12,26.46,4464564,119706144.00
2016/03/29,26.46,26.59,25.70,25.93,2860705,74849984.00
2016/03/30,26.06,26.99,26.06,26.85,3474488,92288144.00
2016/03/31,27.03,27.89,26.65,27.60,6936697,189841408.00
2016/04/01,27.30,28.55,26.95,27.96,6900971,191302192.00
2016/04/05,28.02,29.84,28.02,28.92,8625457,251448704.00
2016/04/06,28.52,29.14,28.38,28.70,5027071,144424992.00
2016/04/07,28.70,28.75,27.55,27.59,4804271,135152832.00
2016/04/08,27.55,27.58,26.77,27.15,3502919,94827296.00
2016/04/11,27.45,28.22,27.35,28.00,3389406,94486736.00
2016/04/12,28.05,28.30,27.20,27.50,3610790,99885304.00
2016/04/13,27.78,28.19,27.55,27.76,3918283,109848992.00
2016/04/14,27.85,28.13,27.74,28.10,3014341,84325624.00
2016/04/15,28.20,28.20,27.78,27.97,2668446,74690160.00
2016/04/18,28.20,28.20,27.50,27.70,2454871,68279616.00
2016/04/19,27.75,28.13,27.50,27.72,2322037,64481640.00
2016/04/20,27.83,27.95,25.19,25.71,5208118,137253904.00
2016/04/21,25.72,26.23,25.38,25.60,2419187,62589428.00
2016/04/22,25.51,26.10,25.25,26.09,1646601,42533844.00
2016/04/25,26.09,27.32,25.75,26.93,3796883,101704520.00
2016/04/26,27.06,27.27,26.53,26.90,2438253,65862840.00
2016/04/27,26.95,27.15,26.48,26.50,1602453,42996992.00
2016/04/28,26.83,27.20,26.16,26.83,2148426,57587928.00
2016/04/29,26.78,27.15,26.55,26.90,2162217,58417800.00
2016/05/03,27.13,27.56,26.38,27.50,3118270,85053096.00
2016/05/04,27.34,28.07,27.25,27.71,4311878,120208768.00
2016/05/05,27.73,27.83,27.35,27.73,2600372,71810248.00
2016/05/06,27.58,27.83,26.45,26.55,3776337,102170928.00
2016/05/09,26.39,26.39,24.87,24.98,3980252,101453352.00
2016/05/10,24.95,25.25,24.79,24.92,1817090,45465680.00
2016/05/11,24.96,25.33,24.68,24.81,1887776,47331840.00
2016/05/12,24.64,24.64,23.96,24.36,2138701,51933052.00
2016/05/13,24.36,24.78,24.03,24.33,1343266,32881270.00
2016/05/16,24.31,24.85,24.03,24.76,1962374,48394900.00
2016/05/17,24.68,25.03,24.23,24.76,2089349,51503324.00
2016/05/18,24.55,24.57,23.75,23.86,1845284,44480108.00
2016/05/19,23.75,24.36,23.75,24.04,1892230,45866420.00
2016/05/20,23.95,24.25,23.80,24.15,997125,24075970.00
2016/05/23,24.48,24.64,24.45,24.52,1370944,33722856.00
2016/05/24,24.51,24.54,24.14,24.22,1176802,28582260.00
2016/05/25,24.50,24.51,23.98,24.35,1505709,36651392.00
2016/05/26,24.30,24.34,23.76,24.27,1495501,36040716.00
2016/05/27,24.16,24.33,23.99,24.14,1288240,31260240.00
2016/05/30,24.05,24.33,24.00,24.19,1210316,29375682.00
2016/05/31,24.25,25.33,24.25,25.25,2487853,62290076.00
2016/06/01,25.28,25.38,25.07,25.08,2416905,61005820.00
2016/06/02,25.08,25.34,24.95,25.14,1783244,44975016.00
2016/06/03,25.20,25.76,25.03,25.54,2451923,62247984.00
2016/06/06,25.46,25.54,25.02,25.11,1954668,49471672.00
2016/06/07,25.35,26.63,25.35,26.33,5527789,144265664.00
2016/06/08,26.32,26.32,25.60,25.83,3122473,80918496.00
2016/06/13,25.83,25.94,25.03,25.13,3196859,81857528.00
2016/06/14,25.16,25.59,24.98,25.35,2177210,55199612.00
2016/06/15,25.40,26.17,25.30,26.08,2930068,76014240.00
2016/06/16,25.95,26.14,25.44,25.58,2465164,63480080.00
2016/06/17,25.65,27.44,25.58,26.98,5119083,135895712.00
2016/06/20,26.88,27.82,26.25,27.81,5480703,148643072.00
2016/06/21,28.00,28.00,26.62,27.10,3687100,100630096.00
2016/06/22,26.94,27.90,26.72,27.74,4368001,119869952.00
2016/06/23,27.56,27.71,27.00,27.50,2633078,72080016.00
2016/06/24,27.29,27.53,25.95,26.50,3440270,92221736.00
2016/06/27,26.26,27.14,26.21,27.04,2436446,65716136.00
2016/06/28,26.95,27.58,26.70,27.50,3066632,84014968.00
2016/06/29,27.56,27.83,27.21,27.36,2375299,65051756.00
2016/06/30,27.37,27.54,27.20,27.25,2233693,61056416.00
2016/07/01,27.30,28.00,27.16,27.49,3380340,93476912.00
2016/07/04,27.50,28.25,27.30,28.03,3972152,110978024.00
2016/07/05,28.05,28.22,27.82,27.96,3135201,87831608.00
2016/07/06,27.83,28.90,27.75,28.75,4339453,123892672.00
2016/07/07,28.70,29.46,28.56,29.27,4718452,136891856.00
2016/07/08,29.20,29.22,28.80,28.88,2337284,67697584.00
2016/07/11,28.98,29.20,28.50,28.51,2090659,60226508.00
2016/07/12,28.45,29.50,28.38,29.18,3587455,104409520.00
2016/07/13,29.18,30.35,29.18,29.95,5813491,173354448.00
2016/07/14,29.95,29.95,29.20,29.43,3026740,89267824.00
2016/07/15,29.33,30.15,29.09,30.07,3440770,102380136.00
2016/07/18,30.00,31.31,29.72,30.34,4557099,140244176.00
2016/07/19,30.36,30.78,29.90,30.29,2570216,77452136.00
2016/07/20,30.30,30.47,29.65,29.66,2988947,89318240.00
2016/07/21,29.65,30.20,29.61,29.66,2205762,65813504.00
2016/07/22,29.60,29.60,28.81,29.25,3520886,102563000.00
2016/07/25,29.11,29.56,28.91,29.10,2006948,58619044.00
2016/07/26,29.18,29.56,29.15,29.56,1742778,51251796.00
2016/07/27,29.85,29.94,28.00,28.20,4390891,127643312.00
2016/07/28,28.22,28.42,27.50,27.91,2349900,65873364.00
2016/07/29,28.00,28.20,27.45,27.53,1648831,45816260.00
2016/08/01,27.59,27.92,27.00,27.55,1591680,43438448.00
2016/08/02,27.50,28.18,27.39,27.89,1499186,41757696.00
2016/08/03,28.12,28.12,27.70,27.88,1165345,32520634.00
2016/08/04,27.81,27.93,27.35,27.57,2216995,61092368.00
2016/08/05,27.51,27.68,26.79,26.88,3968056,107890400.00
2016/08/08,26.87,27.04,25.97,27.04,3668681,96888480.00
2016/08/09,26.86,27.35,26.86,27.25,2566792,69747120.00
2016/08/10,27.20,27.75,27.20,27.48,2352145,64790316.00
2016/08/11,27.44,27.44,26.64,26.79,1900799,51220260.00
2016/08/12,26.99,27.07,26.48,26.92,1603596,42962732.00
2016/08/15,26.80,28.06,26.74,28.00,3968099,109272576.00
2016/08/16,28.01,28.08,27.66,27.71,2921265,81085648.00
2016/08/17,27.80,28.15,27.67,27.79,2051596,57117820.00
2016/08/18,27.72,28.16,27.72,27.83,1816089,50651100.00
2016/08/19,27.85,28.58,27.48,28.36,2991482,83498472.00
2016/08/22,28.46,28.64,27.60,27.65,2628045,73701584.00
2016/08/23,27.65,27.94,27.50,27.65,2093176,57985744.00
2016/08/24,27.62,27.87,27.01,27.09,4000358,109230720.00
2016/08/25,26.98,26.98,26.40,26.77,2676801,71468168.00
2016/08/26,27.00,27.10,26.56,26.64,2898300,77977704.00
2016/08/29,26.64,27.27,26.64,26.72,2978083,80113416.00
2016/08/30,26.78,27.03,26.78,26.94,1604303,43154996.00
2016/08/31,26.94,27.06,26.58,26.81,1484461,39773368.00
2016/09/01,26.85,26.98,26.10,26.10,3937505,104118992.00
2016/09/02,25.75,25.87,24.98,25.15,5758456,145587504.00
2016/09/05,25.15,25.32,24.78,24.88,4443888,111386744.00
2016/09/06,24.98,25.64,24.81,25.59,4169609,105323336.00
2016/09/07,25.60,25.97,25.50,25.97,4508274,116250784.00
2016/09/08,25.90,25.97,25.56,25.75,1869911,48081520.00
2016/09/09,25.75,26.10,25.58,26.04,3004175,77837632.00
2016/09/12,25.80,26.30,25.38,26.22,4300185,111735720.00
2016/09/13,26.23,26.27,25.72,26.10,2446847,63469380.00
2016/09/14,25.87,26.30,25.86,26.28,2632931,68785608.00
2016/09/19,26.23,26.27,25.90,26.20,2775056,72466584.00
2016/09/20,26.16,26.16,25.10,25.21,4291187,109453256.00
2016/09/21,25.25,25.70,25.25,25.53,3130007,79888016.00
2016/09/22,25.50,25.78,25.20,25.50,2694601,68539168.00
2016/09/23,25.49,25.55,25.16,25.48,2568701,65064384.00
2016/09/26,25.39,26.34,25.26,25.75,4998898,129353576.00
2016/09/27,25.70,25.97,25.50,25.77,2407486,61806484.00
2016/09/28,25.83,25.84,25.46,25.78,1780682,45604828.00
2016/09/29,25.78,25.78,25.26,25.41,2454252,62513796.00
2016/09/30,25.36,25.37,24.88,25.33,4507206,113421488.00
2016/10/10,25.33,25.68,25.30,25.58,3853283,98130656.00
2016/10/11,25.59,26.98,25.56,26.58,7857144,207447840.00
2016/10/12,26.56,26.56,26.17,26.33,3241908,85215416.00
2016/10/13,26.30,26.78,26.26,26.30,2303275,60938244.00
2016/10/14,26.25,26.38,25.77,26.01,2511159,65402812.00
2016/10/17,26.01,26.35,25.35,25.49,3775984,97720104.00
2016/10/18,25.59,25.95,25.41,25.91,2369133,60804784.00
2016/10/19,25.86,25.88,25.43,25.71,3680975,94346400.00
2016/10/20,25.66,25.78,25.48,25.60,2761537,70656640.00
2016/10/21,25.65,25.80,25.41,25.52,2632251,67365728.00
2016/10/24,25.56,25.92,25.51,25.82,3240875,83467816.00
2016/10/25,25.86,25.96,25.63,25.80,2816107,72677640.00
2016/10/26,25.89,25.89,25.55,25.66,2503762,64375068.00
2016/10/27,25.67,25.74,25.48,25.62,1695981,43350512.00
2016/10/28,25.55,25.64,25.13,25.30,3212921,81400888.00
2016/10/31,25.18,25.38,25.17,25.25,1675528,42323968.00
2016/11/01,25.30,25.63,25.25,25.57,2541407,64812820.00
2016/11/02,25.58,25.65,25.37,25.47,2081818,53179336.00
2016/11/03,25.42,25.68,25.26,25.51,2404617,61228540.00
2016/11/04,25.59,25.80,25.53,25.69,2930839,75246616.00
2016/11/07,25.64,26.62,25.64,26.26,7193164,189506592.00
2016/11/08,26.15,26.52,26.00,26.40,2973046,78377320.00
2016/11/09,26.30,27.25,26.30,26.85,7118318,191776992.00
2016/11/10,27.18,27.59,26.99,27.34,4745291,129340504.00
2016/11/11,27.14,27.34,26.90,27.30,3128468,84702960.00
2016/11/14,27.26,27.34,26.81,26.95,2764335,74733496.00
2016/11/15,26.84,27.20,26.76,26.93,1723475,46507348.00
2016/11/16,26.90,27.01,26.80,26.85,1602096,43062360.00
2016/11/17,26.84,26.84,26.30,26.55,2302594,60965616.00
2016/11/18,26.49,26.66,26.33,26.50,1906920,50483800.00
2016/11/21,26.52,26.82,26.29,26.72,1947024,51790708.00
2016/11/22,26.70,26.97,26.66,26.90,1998204,53630824.00
2016/11/23,26.90,26.95,26.48,26.53,2682140,71544432.00
2016/11/24,26.41,26.54,25.34,25.56,5638265,145895232.00
2016/11/25,25.61,25.73,25.01,25.71,2598992,66111296.00
2016/11/28,25.72,25.97,25.46,25.53,2716735,69584168.00
2016/11/29,25.65,25.77,25.28,25.39,2639114,67244936.00
2016/11/30,25.39,25.80,25.28,25.45,2978456,76107576.00
2016/12/01,25.45,26.10,25.36,26.03,3754907,96559208.00
2016/12/02,25.99,25.99,25.52,25.58,2261718,58022368.00
2016/12/05,25.41,25.68,25.32,25.60,1986792,50728744.00
2016/12/06,25.59,25.70,25.49,25.60,1231187,31525702.00
2016/12/07,25.66,25.66,25.26,25.59,1293589,32892378.00
2016/12/08,25.66,25.66,25.47,25.52,1190407,30408180.00
2016/12/09,25.58,25.76,25.35,25.48,1254271,32072584.00
2016/12/12,25.50,25.68,24.94,25.30,3507224,88961280.00
2016/12/13,25.07,25.26,23.98,24.12,5807775,142163008.00
2016/12/14,24.07,24.07,23.38,23.47,2935666,69353680.00
2016/12/15,23.40,24.00,23.30,23.75,1873032,44375540.00
2016/12/16,23.59,23.86,23.40,23.67,2133121,50347112.00
2016/12/19,23.62,23.77,23.38,23.52,1630152,38301844.00
2016/12/20,23.56,23.59,23.32,23.48,1489402,34913700.00
2016/12/21,23.50,23.94,23.50,23.80,1768804,42079376.00
2016/12/22,23.80,23.89,23.42,23.50,1210269,28493730.00
2016/12/23,23.47,23.58,22.20,22.33,5465022,124144592.00
2016/12/26,22.33,23.04,21.76,22.80,2381800,53670760.00
2016/12/27,22.84,24.30,22.84,24.03,4906872,116224488.00
2016/12/28,23.98,24.30,23.40,24.18,3441605,82088456.00
2016/12/29,24.08,24.23,23.80,24.20,2032861,49000520.00
2016/12/30,24.16,24.30,23.81,24.27,2141813,51787596.00
2017/01/03,24.09,24.46,23.97,24.28,2047104,49542056.00
2017/01/04,24.42,24.42,24.02,24.25,1264600,30597644.00
2017/01/05,24.27,25.08,24.17,24.74,1890276,46872520.00
2017/01/06,24.49,24.73,24.01,24.09,1369903,33148190.00
2017/01/09,24.23,24.45,23.90,24.31,1910530,46150196.00
2017/01/10,24.30,24.37,24.20,24.31,883221,21447248.00
2017/01/11,24.16,24.27,23.43,23.89,1826911,43561524.00
2017/01/12,23.84,23.84,23.20,23.59,1763418,41377568.00
2017/01/13,23.54,23.55,23.10,23.15,1150512,26836290.00
2017/01/16,23.01,23.01,20.84,21.85,3781588,83455736.00
2017/01/17,21.90,22.08,21.29,22.05,2759280,59874272.00
2017/01/18,22.05,22.25,21.65,22.08,1070380,23638496.00
2017/01/19,21.99,21.99,21.40,21.59,2013800,43480792.00
2017/01/20,21.79,22.50,21.60,22.48,2296758,50984696.00
2017/01/23,22.25,22.82,22.00,22.05,1897145,42283284.00
2017/01/24,22.18,22.27,21.75,21.95,998876,21983722.00
2017/01/25,21.95,22.28,21.79,22.15,1636284,36132312.00
2017/01/26,22.22,22.37,22.11,22.24,737724,16414441.00
2017/02/03,22.00,22.20,21.46,21.82,1624187,35384128.00
2017/02/06,21.81,21.95,21.66,21.87,1989524,43388060.00
2017/02/07,21.79,21.98,21.71,21.95,1895454,41439572.00
2017/02/08,21.95,22.13,21.74,22.08,1728641,37930132.00
2017/02/09,22.00,22.46,22.00,22.31,2199677,49002644.00
2017/02/10,22.44,22.44,21.95,22.08,2301528,50855128.00
2017/02/13,22.10,22.14,21.80,22.09,2616019,57430596.00
2017/02/14,22.09,22.41,22.09,22.17,2370834,52816928.00
2017/02/15,22.05,22.33,22.05,22.22,2111979,46856524.00
2017/02/16,22.22,22.34,21.91,21.94,2095663,46094796.00
2017/02/17,21.94,22.09,21.80,21.95,1922146,42235672.00
2017/02/20,21.96,22.09,21.43,21.60,3242230,70014968.00
2017/02/21,21.60,21.98,21.51,21.92,2375826,51752648.00
2017/02/22,21.92,24.11,21.92,24.11,11198626,264868032.00
2017/02/23,23.80,24.00,23.03,23.60,8641400,203480896.00
2017/02/24,23.60,23.83,23.04,23.28,5196363,121001904.00
2017/02/27,23.48,24.31,23.37,23.54,6104420,145646000.00
2017/02/28,23.67,23.94,23.50,23.91,3404425,80790032.00
2017/03/01,23.79,24.10,23.62,23.65,3185011,76058560.00
2017/03/02,23.71,23.79,23.43,23.64,1827795,43133576.00
2017/03/03,23.49,23.90,23.41,23.68,2197333,52061032.00
2017/03/06,23.68,24.10,23.55,23.99,2993576,71701472.00
2017/03/07,24.01,24.30,23.85,24.15,2483592,59759260.00
2017/03/08,24.16,24.25,23.56,23.94,2450558,58534788.00
2017/03/09,23.94,23.94,23.33,23.48,2506570,58869564.00
2017/03/10,23.41,23.61,23.33,23.45,1287388,30195568.00
2017/03/13,23.60,23.60,23.16,23.46,1860247,43372088.00
2017/03/14,23.50,23.59,23.34,23.38,1582301,37097432.00
2017/03/15,23.38,23.90,23.14,23.88,2891924,67907936.00
2017/03/16,23.88,24.69,23.75,24.47,5342662,129399376.00
2017/03/17,24.47,24.58,23.90,24.00,2474205,60014608.00
2017/03/20,24.02,24.77,24.02,24.58,3410923,83419928.00
2017/03/21,24.55,25.38,24.32,25.16,5615239,140365088.00
2017/03/22,24.99,25.24,24.70,25.00,2531698,63090408.00
2017/03/23,24.80,25.47,24.23,24.62,2946988,73238024.00
2017/03/24,24.56,25.31,24.56,25.00,2989508,74791080.00
2017/03/27,25.05,25.44,24.61,24.99,1955393,48567992.00
2017/03/28,24.87,24.94,24.50,24.52,2125381,52467412.00
2017/03/29,24.44,24.85,23.83,24.20,2161219,52443564.00
2017/03/30,24.39,24.39,23.26,23.31,2910617,68941120.00
2017/03/31,23.30,23.74,23.30,23.68,1456536,34411560.00
2017/04/05,23.75,24.70,23.73,24.52,2639856,64012140.00
2017/04/06,24.74,24.78,24.11,24.15,1982693,48424964.00
2017/04/07,24.06,25.17,24.06,24.91,3574723,88323840.00
2017/04/10,25.05,25.79,24.63,25.60,6141356,155697968.00
2017/04/11,25.70,26.37,24.91,25.40,7415999,189848096.00
2017/04/12,25.30,25.55,24.92,25.25,2394970,60346248.00
2017/04/13,25.25,25.64,24.72,25.41,4175978,105643744.00
2017/04/14,25.38,25.54,25.00,25.30,2509472,63375008.00
2017/04/17,25.16,25.50,24.88,25.16,3171916,79942120.00
2017/04/18,25.17,25.35,24.93,25.06,1804552,45411364.00
2017/04/19,24.97,25.13,23.88,24.74,3160943,77427272.00
2017/04/20,24.85,25.09,24.41,24.57,2109354,52296148.00
2017/04/21,24.56,25.50,24.50,25.10,3498371,88106048.00
2017/04/24,25.16,25.30,24.66,25.20,3018465,75350568.00
2017/04/25,25.28,25.35,24.30,24.31,2364100,59098672.00
