date,open,high,low,close,vol,turn
2013/03/04,22.57,23.10,21.80,22.07,1697064,117615936.00
2013/03/05,22.31,22.40,21.92,22.19,1300468,87773024.00
2013/03/06,22.26,23.00,22.14,22.95,1654036,114739064.00
2013/03/07,22.57,22.81,21.74,21.90,2560665,173319872.00
2013/03/08,22.03,22.20,21.57,21.66,1029744,69021304.00
2013/03/11,21.60,22.27,21.30,22.04,1129146,74885928.00
2013/03/12,22.10,22.20,21.07,21.27,1207572,79250440.00
2013/03/13,21.27,21.27,20.76,20.97,906526,58649800.00
2013/03/14,20.96,21.82,20.76,21.82,1243036,80847856.00
2013/03/15,21.73,22.10,20.61,21.04,1661421,108572688.00
2013/03/18,21.06,21.40,19.57,20.07,3544040,220836576.00
2013/03/19,19.85,20.34,19.14,19.57,3120616,187866288.00
2013/03/20,19.57,20.83,19.57,20.77,1633473,102269928.00
2013/03/21,20.90,21.67,20.80,21.50,1709158,112389784.00
2013/03/22,21.52,21.83,21.29,21.54,682923,44937344.00
2013/03/25,21.57,21.89,21.30,21.49,695252,45895660.00
2013/03/26,21.34,21.35,20.58,21.30,890297,56859116.00
2013/03/27,21.30,21.52,20.90,20.96,979292,63325636.00
2013/03/28,20.89,21.43,20.57,20.79,1035270,66175376.00
2013/03/29,20.89,21.33,20.66,20.90,786997,50848296.00
2013/04/01,20.89,21.06,20.50,20.65,821643,51963196.00
2013/04/02,20.57,20.83,19.92,19.94,968030,60118652.00
2013/04/03,19.97,20.47,19.67,19.94,858950,52854000.00
2013/04/08,20.28,20.74,20.07,20.21,1175412,73459200.00
2013/04/09,20.13,20.40,19.74,19.84,1397796,85185976.00
2013/04/10,19.79,19.90,19.02,19.48,2034254,120135968.00
2013/04/11,19.54,19.84,19.31,19.76,855469,51518184.00
2013/04/12,19.70,20.14,19.17,20.13,981243,59318696.00
2013/04/15,20.07,20.40,19.57,19.75,692575,42303164.00
2013/04/16,19.80,20.24,19.61,19.79,652346,39772216.00
2013/04/17,19.79,20.20,19.58,20.12,779895,47227900.00
2013/04/18,20.07,20.54,19.91,20.49,1021093,63632928.00
2013/04/19,20.56,21.00,20.49,20.70,697476,44424064.00
2013/04/22,21.61,21.65,20.73,20.83,1859230,120337912.00
2013/04/23,20.84,21.07,19.77,20.09,1102299,67863648.00
2013/04/24,20.08,20.89,19.94,20.52,896022,56111028.00
2013/04/25,20.50,20.79,19.90,20.64,1209340,76220520.00
2013/04/26,20.98,21.05,20.00,20.10,674648,42276984.00
2013/05/02,19.70,20.02,19.57,19.82,1169238,70977144.00
2013/05/03,19.84,20.90,19.84,20.70,723871,45673840.00
2013/05/06,20.36,20.84,20.15,20.67,1244834,78290552.00
2013/05/07,20.47,21.50,20.47,21.37,1470835,95881880.00
2013/05/08,21.40,22.21,21.40,21.75,2072278,139255456.00
2013/05/10,20.91,21.97,20.74,21.47,1391462,91358224.00
2013/05/13,21.47,21.96,21.32,21.56,532905,35237860.00
2013/05/14,21.40,21.59,21.00,21.14,736328,47772808.00
2013/05/15,21.14,21.18,20.77,21.14,846481,54240716.00
2013/05/16,21.13,21.34,20.91,21.12,1365438,88337248.00
2013/05/17,21.12,21.36,20.52,21.24,2194304,139461376.00
2013/05/20,21.24,21.30,19.23,19.86,4039805,246149408.00
2013/05/21,19.49,19.86,18.49,19.65,4438806,257585280.00
2013/05/22,19.02,19.97,19.02,19.56,2362338,140989408.00
2013/05/23,19.45,19.88,19.37,19.48,1937725,115769264.00
2013/05/24,19.61,19.79,19.36,19.43,1083032,64700152.00
2013/05/27,19.47,19.82,19.35,19.69,2698017,161663136.00
2013/05/28,19.58,19.69,18.90,19.10,3920621,229726896.00
2013/05/29,19.15,19.39,19.10,19.27,2641875,155496336.00
2013/05/30,19.33,19.87,19.33,19.64,4203093,252877488.00
2013/05/31,19.78,20.35,19.65,19.66,1848504,112838328.00
2013/06/03,19.59,20.35,19.56,20.05,1478892,90368088.00
2013/06/04,20.05,20.14,19.76,19.95,1120273,68086832.00
2013/06/05,19.99,20.14,19.33,19.55,951879,57110412.00
2013/06/06,19.50,19.72,19.50,19.55,724873,43323080.00
2013/06/07,19.74,19.74,18.76,18.95,1203716,70167376.00
2013/06/13,18.65,18.75,18.15,18.58,1239341,69865856.00
2013/06/14,18.58,19.35,18.35,19.16,1570884,90480416.00
2013/06/17,19.32,19.32,18.86,18.97,1056683,61290484.00
2013/06/18,19.11,19.11,18.38,18.50,1398060,79310104.00
2013/06/19,18.49,18.81,18.32,18.66,1012521,57542264.00
2013/06/20,18.59,18.65,18.18,18.29,1498259,84350352.00
2013/06/21,18.15,18.31,17.75,18.19,1451875,79741648.00
2013/06/24,18.19,18.19,17.69,17.78,1540092,84166040.00
2013/06/25,17.49,18.35,16.74,18.10,2124797,114520760.00
2013/06/26,18.62,18.62,17.74,18.32,1782591,99260696.00
2013/06/27,18.42,18.44,17.99,17.99,1097092,60728068.00
2013/06/28,17.75,17.95,17.19,17.42,1676453,89799520.00
2013/07/01,17.42,17.62,17.10,17.52,1654144,87646224.00
2013/07/02,17.50,18.39,17.49,18.37,1822751,100895760.00
2013/07/03,18.29,18.31,17.82,18.05,1965996,108412104.00
2013/07/04,17.97,18.35,17.62,18.14,2201625,120484328.00
2013/07/05,18.32,19.04,18.22,18.48,2186467,124206864.00
2013/07/08,18.22,18.32,17.49,17.59,1317646,72499504.00
2013/07/09,17.70,17.91,17.23,17.32,1260145,67533968.00
2013/07/10,17.29,17.64,17.16,17.57,1092405,58078940.00
2013/07/11,17.57,18.47,17.48,18.25,1520003,83709632.00
2013/07/12,18.38,18.53,17.92,17.94,1079554,60155696.00
2013/07/15,17.96,19.06,17.96,19.04,2126501,121574328.00
2013/07/16,19.04,19.39,18.68,19.21,2502943,145100016.00
2013/07/17,19.21,19.30,18.82,19.22,1542779,90151496.00
2013/07/18,19.07,19.07,18.70,18.72,1129946,65041788.00
2013/07/19,18.74,18.88,17.88,17.94,1241739,69986528.00
2013/07/22,17.85,18.28,17.67,18.27,969976,53440680.00
2013/07/23,18.22,18.77,18.20,18.59,1077062,61191956.00
2013/07/24,18.59,18.80,18.25,18.65,1229826,69389752.00
2013/07/25,18.95,19.11,18.42,18.42,1583462,91032152.00
2013/07/26,18.32,18.49,17.99,18.24,994882,55377636.00
2013/07/29,17.99,18.02,17.59,17.87,841236,45923276.00
2013/07/30,17.99,18.40,17.82,17.99,586305,32486738.00
2013/07/31,18.30,18.32,17.37,17.49,1746368,94441056.00
2013/08/01,17.52,17.98,17.49,17.92,1012481,55224028.00
2013/08/02,18.15,18.32,17.88,17.89,721096,39918596.00
2013/08/05,17.82,18.41,17.75,18.32,1732501,95902408.00
2013/08/06,18.29,18.56,18.03,18.41,1491002,83357512.00
2013/08/07,18.42,18.56,18.12,18.13,1391171,77812720.00
2013/08/08,18.14,18.78,18.05,18.56,1852301,104588520.00
2013/08/09,18.55,18.69,18.14,18.53,1535307,86295304.00
2013/08/12,18.39,18.65,17.94,18.30,2411223,134057424.00
2013/08/13,18.32,18.36,17.98,18.07,1584597,87615976.00
2013/08/14,18.08,18.28,17.75,17.87,1952041,107086488.00
2013/08/15,17.99,17.99,17.47,17.49,2776623,149656112.00
2013/08/16,17.45,17.65,16.89,16.94,2428164,128648280.00
2013/08/19,16.99,17.31,16.95,17.20,1671950,87790104.00
2013/08/20,17.20,17.31,16.75,16.79,2064256,106943432.00
2013/08/21,16.88,17.06,16.82,16.95,1160839,60197536.00
2013/08/22,16.96,17.10,16.51,16.52,2389368,122268928.00
2013/08/23,16.60,16.64,15.99,16.10,2738398,136348016.00
2013/08/26,16.10,16.46,16.10,16.43,2110006,105569224.00
2013/08/27,16.49,16.67,16.39,16.64,2584989,131081544.00
2013/08/28,16.64,16.64,16.15,16.38,1640737,82556920.00
2013/08/29,16.51,17.26,16.27,17.21,3046111,157515600.00
2013/08/30,17.20,17.37,16.92,16.97,1818304,95579736.00
2013/09/02,17.19,17.20,16.85,17.10,1080960,56338936.00
2013/09/03,17.18,17.26,16.78,16.95,2117518,109789688.00
2013/09/04,16.88,16.93,16.34,16.49,2877850,145667584.00
2013/09/05,16.45,16.45,16.08,16.18,3518982,174426672.00
2013/09/06,16.15,16.32,16.01,16.25,2030014,100424256.00
2013/09/09,16.27,16.40,16.15,16.33,1503089,74961656.00
2013/09/10,16.35,16.35,15.94,16.02,2156135,106337848.00
2013/09/11,16.03,16.38,15.80,16.35,2751048,136065344.00
2013/09/12,16.25,16.72,16.23,16.38,1401007,70667208.00
2013/09/13,16.52,16.65,16.39,16.54,1180623,59834280.00
2013/09/16,16.54,16.82,16.49,16.54,1065895,54374928.00
2013/09/17,16.54,16.78,16.49,16.59,1526263,77769264.00
2013/09/18,16.65,16.78,16.55,16.68,2683240,137108704.00
2013/09/23,16.82,17.07,16.82,16.97,3220419,167465632.00
2013/09/24,16.95,16.97,16.75,16.94,1476445,76152832.00
2013/09/25,16.93,16.93,16.60,16.67,1272680,65049908.00
2013/09/26,16.61,17.12,16.35,17.11,1906001,97934424.00
2013/09/27,16.99,17.81,16.99,17.69,3678065,198575952.00
2013/09/30,17.70,17.98,17.48,17.55,1897351,102407504.00
2013/10/08,17.65,18.04,17.53,17.82,2215049,121171048.00
2013/10/09,17.82,17.96,17.62,17.79,1175311,63796424.00
2013/10/10,17.78,17.78,16.98,16.99,2008763,106434088.00
2013/10/11,17.04,17.65,17.04,17.27,1474898,78007992.00
2013/10/14,17.27,17.28,16.30,16.36,4314636,219571968.00
2013/10/15,16.37,16.82,16.21,16.32,2989897,149623040.00
2013/10/16,16.32,16.32,15.32,15.53,4763755,229191616.00
2013/10/17,15.59,15.65,15.02,15.09,3820872,179289872.00
2013/10/18,15.14,15.28,15.01,15.16,2602449,120852792.00
2013/10/21,15.24,15.80,15.15,15.64,3192599,152149168.00
2013/10/22,15.65,15.81,15.46,15.59,2288449,109594264.00
2013/10/23,15.59,15.71,15.34,15.49,1306789,62158276.00
2013/10/24,15.47,15.65,15.39,15.51,1614484,77087656.00
2013/10/25,15.52,15.59,15.08,15.10,1170039,54866424.00
2013/10/28,15.14,15.39,14.95,15.34,1335965,62088976.00
2013/10/29,15.32,15.42,14.59,15.02,2070299,95841080.00
2013/10/30,14.98,15.20,14.85,15.02,1567662,72121848.00
2013/10/31,15.02,15.02,14.47,14.61,2015066,90333824.00
2013/11/01,13.99,14.58,13.99,14.54,1532039,67446384.00
2013/11/04,14.60,14.68,13.81,13.98,3638519,157237440.00
2013/11/05,13.88,13.88,13.69,13.82,2513716,106349560.00
2013/11/06,13.81,13.95,13.70,13.75,2373504,100684968.00
2013/11/07,13.75,13.82,13.24,13.26,3230139,133313152.00
2013/11/08,13.18,13.40,13.14,13.29,1447283,59179144.00
2013/11/11,13.22,13.49,13.20,13.47,2143636,88406688.00
2013/11/12,13.49,13.67,13.49,13.65,1687522,70663080.00
2013/11/13,13.64,13.64,13.36,13.53,1479836,61589504.00
2013/11/14,13.65,14.12,13.60,13.91,2277971,97205728.00
2013/11/15,13.91,14.11,13.82,13.91,4162689,178467568.00
2013/11/18,13.91,14.03,13.67,14.03,4391605,186981296.00
2013/11/19,14.04,14.05,13.85,13.89,5870061,251048560.00
2013/11/20,13.99,14.02,13.87,13.95,2659743,113970944.00
2013/11/21,13.95,14.01,13.82,14.00,1931229,82647440.00
2013/11/22,13.99,14.55,13.95,14.49,4863000,214330672.00
2013/11/25,14.45,14.53,14.23,14.29,3025320,133447136.00
2013/11/26,14.19,14.38,14.09,14.32,2602502,113693576.00
2013/11/27,14.32,14.60,14.24,14.43,2571394,114397080.00
2013/11/28,14.46,14.63,14.46,14.53,2521227,112673928.00
2013/11/29,14.19,14.24,13.98,14.05,5584070,241801088.00
2013/12/02,13.67,13.84,13.16,13.17,4240903,176004128.00
2013/12/03,13.02,13.58,12.99,13.55,2969854,121287704.00
2013/12/04,13.55,14.01,13.49,13.85,4001653,168872992.00
2013/12/05,13.82,14.08,13.77,13.91,2734243,117348408.00
2013/12/06,13.85,14.37,13.83,14.27,3185122,139368480.00
2013/12/09,14.27,14.52,14.25,14.31,2658529,117482840.00
2013/12/10,14.26,14.38,14.13,14.31,2152326,94397896.00
2013/12/11,14.30,14.48,14.15,14.45,3465838,152472528.00
2013/12/12,14.42,14.79,14.39,14.55,2722319,122528376.00
2013/12/13,14.44,14.61,14.33,14.37,1890982,83875216.00
2013/12/16,14.38,14.42,13.98,13.99,2068186,89938144.00
2013/12/17,13.89,14.15,13.83,13.88,1530077,65779880.00
2013/12/18,13.89,14.58,13.89,14.52,4003633,176890144.00
2013/12/19,14.55,14.60,14.29,14.29,2488557,110309856.00
2013/12/20,14.32,14.74,14.23,14.59,4277131,191031968.00
2013/12/23,14.55,14.85,14.50,14.78,4716539,213086320.00
2013/12/24,14.81,14.92,14.55,14.92,3947843,178656624.00
2013/12/25,14.99,15.25,14.84,14.99,5062213,234245264.00
2013/12/26,15.06,15.15,14.55,14.60,4715026,214342256.00
2013/12/27,14.65,14.88,14.51,14.81,3390467,153217696.00
2013/12/30,14.98,15.24,14.90,15.09,3699171,171212704.00
2013/12/31,14.87,15.08,14.84,14.95,2196916,100773368.00
2014/01/02,14.92,15.15,14.82,15.15,3592905,165226512.00
2014/01/03,15.15,15.56,15.11,15.45,4828282,227824208.00
2014/01/06,15.57,15.61,15.04,15.08,4463370,209005488.00
2014/01/07,15.08,15.95,14.95,15.78,5293950,253619280.00
2014/01/08,15.79,16.31,15.59,16.28,5502429,269231136.00
2014/01/09,16.16,16.44,15.92,15.96,3783688,187026048.00
2014/01/10,15.88,16.15,15.66,15.89,3035005,147731088.00
2014/01/13,15.89,15.97,15.27,15.46,3979871,189674784.00
2014/01/14,15.39,15.58,15.08,15.58,3957820,185620128.00
2014/01/15,15.56,15.75,15.22,15.38,3964359,188357248.00
2014/01/16,15.38,15.79,15.23,15.77,4049055,193429520.00
2014/01/17,15.68,15.71,15.25,15.25,3482298,165126736.00
2014/01/20,15.16,15.16,14.59,14.66,4889576,222279008.00
2014/01/21,14.70,14.97,14.70,14.88,1973824,89860264.00
2014/01/22,14.87,15.29,14.84,15.26,2533181,117687624.00
2014/01/23,15.25,15.41,15.16,15.25,2405502,112898800.00
2014/01/24,15.18,15.51,15.12,15.33,2560725,120887072.00
2014/01/27,15.22,15.32,14.59,14.75,5201852,236706576.00
2014/01/28,14.75,14.97,14.75,14.86,2799993,127666184.00
2014/01/29,14.84,14.90,14.54,14.78,2597224,117241728.00
2014/01/30,14.78,14.90,14.59,14.62,1727990,77977840.00
2014/02/07,14.61,14.61,14.22,14.52,3360171,148340016.00
2014/02/10,14.61,15.04,14.55,15.04,7153690,324081216.00
2014/02/11,15.05,15.24,14.92,15.15,5490162,254200592.00
2014/02/12,15.15,15.42,15.05,15.31,4656426,218557728.00
2014/02/13,15.32,15.50,14.95,14.95,4768441,222406704.00
2014/02/14,14.99,15.28,14.92,15.19,4332349,201272400.00
2014/02/17,15.35,15.94,15.15,15.94,8813101,421604320.00
2014/02/18,15.89,16.11,15.68,15.74,7283381,354479904.00
2014/02/19,15.66,16.12,15.58,15.78,6567858,319087328.00
2014/02/20,15.83,15.90,15.34,15.42,5059556,242011648.00
2014/02/21,15.40,15.72,15.31,15.51,3427768,162981296.00
2014/02/24,15.47,16.18,15.32,16.07,7370486,358037664.00
2014/02/25,16.10,16.19,15.26,15.39,6745904,325966848.00
2014/02/26,15.18,15.22,14.82,14.99,5019703,231070912.00
2014/02/27,15.05,15.27,13.56,13.72,10254842,449905120.00
2014/02/28,13.73,13.95,13.59,13.88,3900417,164977760.00
2014/03/03,13.81,14.13,13.62,13.96,4216618,180267632.00
2014/03/04,13.54,13.89,13.15,13.71,4593879,191355504.00
2014/03/05,13.71,14.04,13.60,13.93,3514104,150089376.00
2014/03/06,13.93,13.97,13.39,13.63,3449527,144965472.00
2014/03/07,13.66,13.74,13.11,13.22,6267996,257536192.00
2014/03/10,13.15,13.15,12.72,12.76,3603885,143075408.00
2014/03/11,12.74,12.85,12.66,12.79,2919926,114823744.00
2014/03/12,12.78,12.98,12.72,12.84,3689049,145978224.00
2014/03/13,12.84,13.20,12.84,13.19,3801857,152198384.00
2014/03/14,13.12,13.39,12.99,13.29,3435832,140200048.00
2014/03/17,13.32,13.45,13.20,13.43,2684287,110265872.00
2014/03/18,13.45,13.55,13.32,13.40,2641700,109113808.00
2014/03/19,13.34,13.34,12.99,13.15,3122201,126045504.00
2014/03/20,13.03,13.18,12.86,12.86,2634028,105597040.00
2014/03/21,12.85,13.20,12.66,13.18,3258774,129664880.00
2014/03/24,13.15,13.24,13.03,13.19,2064089,83598968.00
2014/03/25,13.15,13.27,13.08,13.13,1762389,71431200.00
2014/03/26,13.25,13.29,13.15,13.27,1982814,80754888.00
2014/03/27,13.27,13.30,13.03,13.03,2123532,85877288.00
2014/03/28,13.03,13.08,12.81,12.88,2203512,87594616.00
2014/03/31,12.97,13.20,12.88,13.09,1672109,67322784.00
2014/04/01,13.09,13.35,13.02,13.35,3621675,147206144.00
2014/04/02,13.32,13.40,13.18,13.26,3181286,129944592.00
2014/04/03,13.30,13.52,13.24,13.33,3637042,149660048.00
2014/04/04,13.33,13.49,13.27,13.45,2440407,100769912.00
2014/04/08,13.45,13.65,13.41,13.65,3069490,127931072.00
2014/04/09,13.70,13.91,13.56,13.65,4607095,194286848.00
2014/04/10,13.65,13.72,13.54,13.70,2872208,120284000.00
2014/04/11,13.65,13.87,13.56,13.78,2729186,115395704.00
2014/04/14,13.78,13.85,13.60,13.66,2172688,91440832.00
2014/04/15,13.70,13.78,13.59,13.64,2273708,95591984.00
2014/04/16,13.54,13.54,13.33,13.38,3395792,140066304.00
2014/04/17,13.49,13.62,13.35,13.36,2720730,112578712.00
2014/04/18,13.25,13.26,13.13,13.19,2657391,107888120.00
2014/04/21,13.11,13.31,13.02,13.04,2528716,102375192.00
2014/04/22,13.04,13.09,12.82,12.87,3254890,129534832.00
2014/04/23,12.87,13.07,12.84,12.98,2106193,84211256.00
2014/04/24,12.78,12.78,12.12,12.20,7159787,272015008.00
2014/04/25,12.15,12.30,12.09,12.18,2487621,93769552.00
2014/05/22,12.09,12.42,12.09,12.26,5988772,226935904.00
2014/05/23,12.16,12.28,12.16,12.20,2521742,94894344.00
2014/05/26,12.19,12.37,12.19,12.25,3954816,149676320.00
2014/05/27,12.25,12.35,12.24,12.26,3289628,124705984.00
2014/05/28,12.22,12.32,12.18,12.31,3907057,147486752.00
2014/05/29,12.31,12.65,12.29,12.54,4822127,186282384.00
2014/05/30,12.54,12.60,12.40,12.57,2895350,111532504.00
2014/06/03,12.53,12.71,12.43,12.47,2635460,101948336.00
2014/06/04,12.45,12.46,12.19,12.22,2226497,84242144.00
2014/06/05,12.18,12.49,12.10,12.45,2809385,107316808.00
2014/06/06,12.45,12.45,12.15,12.24,2606847,98559752.00
2014/06/09,12.25,12.40,12.09,12.13,2386234,90226616.00
2014/06/10,12.17,12.22,11.91,12.19,3651355,136158608.00
2014/06/11,12.19,12.45,12.12,12.35,3719778,141509680.00
2014/06/12,12.35,12.38,12.23,12.32,2856402,108539816.00
2014/06/13,12.35,12.52,12.32,12.52,3912206,149762640.00
2014/06/16,12.52,12.65,12.46,12.56,2809479,108855600.00
2014/06/17,12.53,12.56,12.32,12.32,2694287,103314216.00
2014/06/18,12.32,12.37,12.20,12.21,2126897,80310992.00
2014/06/19,12.22,12.34,12.02,12.11,1823391,68709008.00
2014/06/20,12.13,12.21,12.06,12.14,1768172,66174388.00
2014/06/23,12.16,12.31,12.15,12.27,1861537,70305760.00
2014/06/24,12.26,12.39,12.21,12.35,2012931,76311160.00
2014/06/25,12.45,12.64,12.37,12.62,3953005,152934752.00
2014/06/26,12.62,12.72,12.55,12.62,3512557,136812400.00
2014/06/27,12.62,13.00,12.56,12.94,4769252,189285712.00
2014/06/30,12.98,13.10,12.88,12.94,4583514,183135024.00
2014/07/01,12.93,12.96,12.67,12.76,4892789,127700568.00
2014/07/02,12.78,13.28,12.68,13.23,7810394,207039536.00
2014/07/03,13.24,13.80,13.23,13.60,11163552,309376864.00
2014/07/04,13.60,13.71,13.39,13.52,5294160,145632432.00
2014/07/07,13.52,13.52,12.14,12.41,18102135,460351008.00
2014/07/08,12.24,12.99,12.24,12.89,13150428,342177696.00
2014/07/09,12.84,13.32,12.74,13.09,8710321,233478832.00
2014/07/10,13.01,13.14,12.89,12.94,3456916,91663872.00
2014/07/11,12.90,13.32,12.90,13.12,3147182,84200472.00
2014/07/14,13.07,13.27,12.96,13.23,3664407,97879096.00
2014/07/15,13.19,13.27,13.07,13.17,3414110,91746728.00
2014/07/16,13.12,13.24,12.96,12.99,3731450,99266992.00
2014/07/17,12.99,13.03,12.66,12.73,4896974,127696536.00
2014/07/18,12.71,12.91,12.65,12.88,2551610,66893304.00
2014/07/21,12.84,12.88,12.46,12.60,3645401,93888152.00
2014/07/22,12.54,12.84,12.53,12.69,4221385,109277504.00
2014/07/23,12.68,12.81,12.64,12.71,4184116,108672000.00
2014/07/24,12.67,12.92,12.60,12.91,5309164,138023456.00
2014/07/25,12.94,13.17,12.94,13.13,5743667,153375280.00
2014/07/28,13.14,13.45,13.13,13.24,7233943,195884560.00
2014/07/29,13.31,13.47,13.24,13.27,7023328,191244816.00
2014/07/30,13.28,13.47,13.24,13.43,5476679,148876000.00
2014/07/31,13.43,13.66,13.36,13.59,5329416,146950304.00
2014/08/01,13.56,14.06,13.52,13.74,8523474,239868848.00
2014/08/04,13.74,13.91,13.64,13.86,4936937,138785568.00
2014/08/05,13.88,14.69,13.74,14.34,9216378,267309072.00
2014/08/06,14.19,14.49,14.10,14.23,5892464,171479056.00
2014/08/07,14.23,14.31,13.77,13.78,6793672,193516672.00
2014/08/08,13.86,13.92,13.66,13.75,5695968,159800240.00
2014/08/11,13.76,14.04,13.76,13.96,5536838,157269520.00
2014/08/12,13.98,14.12,13.89,13.98,4396312,125375128.00
2014/08/13,14.01,14.01,13.70,13.81,4744096,133426944.00
2014/08/14,13.79,13.91,13.69,13.75,3580165,100521792.00
2014/08/15,13.75,13.97,13.72,13.88,4440204,125436712.00
2014/08/18,13.90,14.13,13.90,14.12,5775789,165101344.00
2014/08/19,14.18,14.18,13.86,13.97,5886627,168199168.00
2014/08/20,13.96,14.02,13.79,13.86,5938476,168326976.00
2014/08/21,13.86,13.89,13.54,13.64,6449899,180149312.00
2014/08/22,13.63,13.86,13.60,13.81,4865188,136255104.00
2014/08/25,13.83,13.84,13.59,13.59,5039652,140387872.00
2014/08/26,13.55,13.56,13.24,13.30,5408831,147775856.00
2014/08/27,13.31,13.51,13.31,13.49,2985284,81642944.00
2014/08/28,13.30,13.47,13.25,13.29,4118849,111964528.00
2014/08/29,13.27,13.53,13.27,13.51,3067251,83839080.00
2014/09/03,13.89,14.29,13.84,14.15,15537813,446683968.00
2014/09/04,14.13,14.27,14.09,14.15,8219116,237259264.00
2014/09/05,14.18,14.48,14.18,14.45,9755210,285552320.00
2014/09/09,14.48,14.58,14.25,14.49,8107402,238223568.00
2014/09/10,14.53,14.58,14.36,14.42,6102136,179549296.00
2014/09/11,14.39,14.51,14.15,14.19,8693064,253794480.00
2014/09/12,14.16,15.03,14.14,15.00,14933469,446024640.00
2014/09/15,14.94,15.86,14.77,15.49,17431714,543312064.00
2014/09/16,15.48,15.50,14.77,14.84,12049282,372150528.00
2014/09/17,14.79,15.35,14.76,15.15,10253798,315224832.00
2014/09/18,15.13,15.94,15.02,15.62,13159548,417975168.00
2014/09/19,15.73,16.20,15.63,16.09,15057092,490932704.00
2014/09/22,16.04,16.09,15.64,15.94,7882009,253086960.00
2014/09/23,15.83,16.21,15.73,16.00,6972529,225909376.00
2014/09/24,15.93,16.53,15.80,16.25,9068458,299186592.00
2014/09/25,16.48,16.76,15.82,15.88,6648530,218239776.00
2014/09/26,15.89,16.27,15.74,16.03,4479337,146084432.00
2014/09/29,16.06,16.39,15.92,15.96,6160062,201873200.00
2014/09/30,15.99,16.08,15.49,15.65,8390593,266935248.00
2014/10/08,15.65,16.08,15.58,15.97,6946807,223880816.00
2014/10/09,15.97,15.97,15.54,15.65,8245321,263443120.00
2014/10/10,15.58,15.91,15.52,15.80,8387871,268784512.00
2014/10/13,15.75,15.76,15.34,15.72,6311209,199298208.00
2014/10/14,15.64,15.68,15.37,15.40,5944655,187396576.00
2014/10/15,14.99,15.48,14.82,15.16,12233303,376063072.00
2014/10/16,15.02,15.79,14.97,15.44,10784697,339408832.00
2014/10/17,15.34,15.51,14.86,15.16,7789756,239397472.00
2014/10/20,15.18,15.43,15.14,15.34,5250515,163367792.00
2014/10/21,15.28,15.35,15.04,15.19,3831673,118099968.00
2014/10/22,15.19,15.34,15.10,15.17,3632789,112397552.00
2014/10/23,15.14,15.21,14.86,14.94,4385427,133542832.00
2014/10/24,14.96,15.09,14.86,14.93,2757816,83994904.00
2014/10/27,14.93,15.11,14.59,15.08,5607677,168742400.00
2014/10/28,15.08,15.56,15.01,15.50,6276462,196349664.00
2014/10/29,15.46,15.74,15.29,15.60,8342912,263101072.00
2014/10/30,15.55,15.65,15.44,15.56,5182500,163845328.00
2014/10/31,15.58,15.74,15.22,15.53,6558853,206528640.00
2014/11/03,15.49,15.73,15.40,15.50,5184355,164132384.00
2014/11/04,15.50,15.61,15.02,15.17,6493633,200863392.00
2014/11/05,15.18,15.20,14.96,15.06,3203626,98253344.00
2014/11/06,15.05,15.28,15.05,15.24,3643137,112531808.00
2014/11/07,15.26,15.37,15.04,15.04,3766434,116079560.00
2014/11/10,15.04,15.27,14.99,15.09,6632706,203866320.00
2014/11/11,15.14,15.19,14.73,14.79,5937973,180740320.00
2014/11/12,14.74,15.03,14.74,14.98,2443736,74203568.00
2014/11/13,15.01,15.01,14.76,14.92,3094223,93524320.00
2014/11/14,14.93,15.33,14.84,15.31,5873108,180844704.00
2014/11/17,15.33,15.88,15.14,15.68,9224336,293110688.00
2014/11/18,15.72,15.87,15.59,15.74,6698683,214807216.00
2014/11/19,15.74,16.65,15.74,16.38,12742304,422608832.00
2014/11/20,16.29,16.44,16.10,16.15,5106647,168646752.00
2014/11/21,16.23,16.26,15.99,16.11,5066191,165702272.00
2014/11/24,16.18,16.77,16.15,16.37,10284321,345325568.00
2014/11/25,16.37,16.73,16.26,16.62,7505032,251617216.00
2014/11/26,16.64,16.71,16.01,16.17,8965840,296012896.00
2014/11/27,16.23,16.27,15.86,15.95,7491604,242813856.00
2014/11/28,15.95,16.08,15.85,16.01,5097081,165541920.00
2014/12/01,16.01,16.07,15.49,15.63,9061722,288259360.00
2014/12/02,15.66,15.83,15.64,15.79,6636793,212375712.00
2014/12/03,15.83,16.04,15.53,16.04,10632390,341255584.00
2014/12/04,16.03,16.40,15.99,16.30,11413420,377215456.00
2014/12/05,16.30,16.30,15.62,15.67,10111516,325780672.00
2014/12/08,15.64,15.67,15.26,15.60,10272461,322432192.00
2014/12/09,15.56,15.56,15.14,15.14,11080583,345429696.00
2014/12/10,15.14,15.55,15.14,15.45,6619543,207160176.00
2014/12/11,15.43,15.60,15.29,15.59,7623848,239552368.00
2014/12/12,15.60,15.64,15.29,15.38,7074384,222484384.00
2014/12/15,13.96,14.97,13.94,14.74,29313080,864122816.00
2014/12/16,14.62,14.62,14.40,14.48,11254005,332062560.00
2014/12/17,14.49,14.68,14.18,14.27,8990867,263528304.00
2014/12/18,14.25,14.25,13.94,13.99,9868534,282107520.00
2014/12/19,13.99,14.06,13.53,13.67,10702622,298717056.00
2014/12/22,13.78,14.07,13.69,13.95,9207526,260078432.00
2014/12/23,13.89,14.19,13.79,13.99,7431466,212697888.00
2014/12/24,14.09,14.32,14.00,14.15,6972080,201019088.00
2014/12/25,14.16,14.30,14.01,14.17,6396431,184384880.00
2014/12/26,14.18,14.38,14.09,14.21,6607261,191252000.00
2014/12/29,14.24,14.49,14.24,14.40,7276167,212566496.00
2014/12/30,14.36,14.44,14.03,14.03,6015349,173969792.00
2014/12/31,14.09,14.36,13.84,14.35,6066623,174654960.00
2015/01/05,14.39,14.98,14.24,14.82,9995391,297259424.00
2015/01/06,14.79,15.52,14.68,15.25,11587996,357644288.00
2015/01/07,15.23,15.49,15.01,15.13,6410330,198495152.00
2015/01/08,15.20,15.41,15.08,15.10,5925151,183303360.00
2015/01/09,15.06,15.58,15.05,15.16,9595748,299904288.00
2015/01/12,15.06,15.86,15.04,15.76,10166857,320827520.00
2015/01/13,15.88,16.11,15.74,15.81,7926552,256113104.00
2015/01/14,15.62,15.64,15.16,15.38,9810272,306909504.00
2015/01/15,15.36,15.63,15.29,15.42,5131254,161342896.00
2015/01/16,15.34,15.81,15.32,15.70,5089057,161525824.00
2015/01/19,15.46,15.81,14.99,15.14,7085994,223332800.00
2015/01/20,15.24,15.60,15.18,15.52,5589778,174955424.00
2015/01/21,15.57,16.04,15.57,15.72,7655277,245517392.00
2015/01/22,15.72,15.83,15.58,15.83,6973497,222743680.00
2015/01/23,15.75,15.88,15.39,15.49,7523439,238364528.00
2015/01/26,15.49,15.84,15.41,15.84,6198155,198229184.00
2015/01/27,15.86,16.35,15.83,16.22,10302010,337845632.00
2015/01/28,16.16,17.07,16.00,16.59,11817804,398121824.00
2015/01/29,16.79,17.38,16.72,16.89,14757257,511054464.00
2015/01/30,16.85,17.03,16.54,16.75,6159279,209753904.00
2015/02/02,16.59,16.64,16.14,16.33,8204501,272634656.00
2015/02/03,16.39,16.79,16.31,16.64,5034478,169199472.00
2015/02/04,16.59,16.67,16.10,16.12,5335089,177701072.00
2015/02/05,16.06,16.32,15.67,15.69,6151396,200802304.00
2015/02/06,15.79,15.89,15.41,15.50,7299063,231424784.00
2015/02/09,15.49,15.75,15.48,15.59,4910371,156493216.00
2015/02/10,15.58,15.76,15.48,15.61,3929653,124746264.00
2015/02/11,15.59,15.76,15.39,15.51,5881616,186035248.00
2015/02/12,15.50,15.89,15.50,15.82,5525001,176259904.00
2015/02/13,15.94,16.20,15.78,16.03,6473020,211053808.00
2015/02/16,15.99,16.32,15.88,16.16,5799712,189511264.00
2015/02/17,16.14,16.50,16.12,16.37,4673296,155388448.00
2015/02/25,16.44,18.03,16.27,17.76,16768303,589306752.00
2015/02/26,17.76,17.94,17.49,17.88,8571784,308210432.00
2015/02/27,17.64,17.83,17.42,17.52,8182431,292425888.00
2015/03/02,17.52,17.68,17.26,17.66,8008297,284525888.00
2015/03/03,17.51,18.20,17.44,17.53,9496087,342638240.00
2015/03/04,17.71,17.99,17.47,17.77,6818933,245501392.00
2015/03/05,17.69,18.23,17.57,17.94,8121488,296643936.00
2015/03/06,17.96,18.04,17.09,17.11,8808173,312726528.00
2015/03/09,16.91,17.43,16.82,17.38,5057038,175599216.00
2015/03/10,17.33,17.67,17.24,17.34,5960265,210772736.00
2015/03/11,17.36,17.51,16.99,17.36,5538129,193829344.00
2015/03/12,17.36,17.39,17.04,17.15,4269953,148925536.00
2015/03/13,17.19,17.73,17.15,17.58,5583620,198050608.00
2015/03/16,17.69,18.08,17.68,17.97,8563700,311726304.00
2015/03/17,17.99,18.14,17.73,17.87,7882900,286205248.00
2015/03/18,17.87,18.64,17.74,18.42,10186300,376749888.00
2015/03/19,18.45,18.64,18.24,18.33,6501765,241877392.00
2015/03/20,18.39,18.62,18.24,18.33,7808434,291277024.00
2015/03/23,18.46,19.23,18.43,19.20,10044325,383739584.00
2015/03/24,19.19,19.20,18.54,18.99,11065561,424024416.00
2015/03/25,18.98,19.74,18.65,19.45,11855494,464329280.00
2015/03/26,19.24,19.71,19.09,19.44,7868199,309346304.00
2015/03/27,19.45,20.39,19.44,20.20,7539728,306463424.00
2015/03/30,19.99,20.74,19.58,20.49,11429044,465627232.00
2015/03/31,20.49,20.64,19.63,19.64,13953019,563453760.00
2015/04/01,19.66,19.99,19.66,19.73,8811583,353412704.00
2015/04/02,19.88,20.01,19.52,19.65,11728142,469427936.00
2015/04/03,19.63,19.83,19.39,19.74,10949933,436105120.00
2015/04/07,19.76,20.40,19.68,20.38,14765685,599085888.00
2015/04/08,20.31,20.35,19.39,19.65,15652768,627967296.00
2015/04/09,19.69,19.81,18.85,19.36,10784285,420725824.00
2015/04/10,19.34,19.72,19.19,19.63,12174900,482555488.00
2015/04/13,19.73,21.36,19.64,20.81,17725137,739234624.00
2015/04/14,20.59,21.22,20.19,20.39,13995799,586699904.00
2015/04/15,20.39,20.64,19.34,19.49,10587387,424888896.00
2015/04/16,19.44,20.11,19.19,19.79,8585772,343365664.00
2015/04/17,19.80,20.36,19.80,19.95,10211213,414231744.00
2015/04/20,20.11,20.11,19.19,19.25,12951157,514785088.00
2015/04/21,19.25,19.99,19.24,19.94,11037815,438990656.00
2015/04/22,19.99,20.53,19.95,20.26,11124655,456341600.00
2015/04/23,20.74,20.98,20.28,20.40,13054172,543838720.00
2015/04/24,19.89,20.19,19.64,19.93,13441263,540887104.00
2015/04/27,19.99,20.36,19.75,19.89,10917810,442187456.00
2015/04/28,19.90,19.97,19.08,19.20,13099240,514915552.00
2015/04/29,19.21,19.44,19.09,19.43,6955928,272382816.00
2015/04/30,19.41,19.48,19.10,19.33,10667703,416501024.00
2015/05/04,19.34,19.42,19.13,19.38,5914217,231577344.00
2015/05/05,19.39,19.40,18.74,18.79,7933397,306696608.00
2015/05/06,18.89,19.05,18.54,18.58,7295971,278841280.00
2015/05/07,18.57,18.88,18.49,18.72,7637211,289098304.00
2015/05/08,18.89,19.21,18.80,19.12,7256168,279033472.00
2015/05/11,19.24,19.68,19.14,19.68,10516858,414091712.00
2015/05/12,19.74,19.79,19.37,19.46,10899980,430694432.00
2015/05/13,19.41,19.96,19.18,19.88,13669887,543423424.00
2015/05/14,19.90,19.94,19.56,19.60,8869250,354004864.00
2015/05/15,19.59,19.59,19.08,19.29,8387284,327511008.00
2015/05/18,19.09,19.69,19.00,19.56,8342131,328681376.00
2015/05/19,19.52,20.34,19.49,20.21,13276518,539042560.00
2015/05/20,20.26,20.95,20.08,20.54,15310933,637415424.00
2015/05/21,20.49,22.62,20.49,22.51,20701324,921040896.00
2015/05/22,22.74,22.97,21.69,22.23,16134525,725650688.00
2015/05/25,22.55,23.74,22.55,22.80,15085348,703097408.00
2015/05/26,22.80,23.39,22.59,23.24,15750073,735831872.00
2015/05/27,23.29,23.39,22.72,23.14,14324597,666322048.00
2015/05/28,23.03,23.89,21.73,21.74,18237350,845213056.00
2015/05/29,21.76,22.46,21.20,22.14,14519602,641968064.00
2015/06/01,22.39,23.97,22.39,23.73,17294357,822696768.00
2015/06/02,23.83,24.35,23.25,24.24,16315893,784972928.00
2015/06/03,23.99,24.68,23.59,24.01,11960025,581900032.00
2015/06/04,24.02,24.18,21.98,23.39,14844313,696335936.00
2015/06/05,23.79,24.65,23.39,24.34,16584916,806984896.00
2015/06/08,24.39,24.49,23.49,23.76,15692027,756461440.00
2015/06/09,23.74,24.16,23.24,23.54,13265379,635468096.00
2015/06/10,23.43,24.35,22.99,24.00,16298172,783333184.00
2015/06/11,23.64,25.04,23.54,24.84,18515335,917211392.00
2015/06/12,24.90,25.14,24.51,24.78,14282411,715513408.00
2015/06/15,25.04,25.69,24.48,25.24,16741430,848385088.00
2015/06/16,25.24,26.02,24.29,24.99,16316453,826993344.00
2015/06/17,24.89,24.93,23.63,24.59,13758429,673535872.00
2015/06/18,24.79,24.83,23.39,23.84,10656727,521523136.00
2015/06/19,23.43,23.97,21.99,22.49,11411362,527648832.00
2015/06/23,22.45,22.98,21.39,22.84,11291117,510013952.00
2015/06/24,22.99,23.49,22.24,22.84,12811089,591172160.00
2015/06/25,22.84,22.84,21.69,21.94,10623833,481131168.00
2015/06/26,21.48,21.48,19.72,19.72,12811595,530486560.00
2015/06/29,19.99,20.14,17.72,18.42,16399484,626742976.00
2015/06/30,18.24,19.79,17.64,19.76,16627714,630401472.00
2015/07/01,19.36,20.31,18.69,18.84,13070813,522122400.00
2015/07/02,18.98,18.99,16.93,17.23,18426034,668281216.00
2015/07/03,17.00,17.74,15.49,17.09,20708852,689588096.00
2015/07/06,18.24,18.64,15.74,17.08,18376741,642777408.00
2015/07/07,16.57,16.79,15.35,15.41,24242373,772642368.00
2015/07/14,16.98,16.98,16.98,16.98,1065645,36754096.00
2015/07/15,18.71,18.71,17.39,17.58,31551890,1169794176.00
2015/07/16,17.58,18.68,16.74,18.22,15408693,558864896.00
2015/07/17,18.23,19.49,18.22,19.23,15266318,583594368.00
2015/07/20,19.43,19.64,18.92,19.29,15107421,591497152.00
2015/07/21,19.34,20.26,19.34,20.17,15038637,607733632.00
2015/07/22,20.41,20.78,19.41,19.81,31703320,641105600.00
2015/07/23,19.81,21.81,19.81,21.81,45776188,961317888.00
2015/07/24,22.84,22.89,21.81,22.07,55115438,1244793088.00
2015/07/27,21.52,23.46,20.68,21.26,52689348,1180507648.00
2015/07/28,20.44,21.61,19.12,20.29,42650930,874694976.00
2015/07/29,20.84,21.36,19.52,21.21,28430956,584697728.00
2015/07/30,20.92,21.34,19.86,19.91,26129265,545551168.00
2015/07/31,19.66,20.43,19.51,19.86,19895896,399337632.00
2015/08/03,19.48,19.90,18.48,18.91,24597408,473794432.00
2015/08/04,19.08,20.16,18.92,20.14,20083411,395279840.00
2015/08/05,20.02,20.33,19.57,19.73,18146939,365546208.00
2015/08/06,19.34,19.80,19.07,19.21,14682212,286629056.00
2015/08/07,19.47,20.14,19.47,20.02,17835367,357453792.00
2015/08/10,20.26,20.91,19.96,20.86,26190553,541973504.00
2015/08/11,20.76,21.44,20.64,20.81,22539650,476357536.00
2015/08/12,20.52,20.71,20.11,20.12,20965175,429792992.00
2015/08/13,20.14,20.69,20.00,20.59,15620563,320871488.00
2015/08/14,20.74,20.98,20.54,20.64,16399334,342887712.00
2015/08/17,20.36,20.88,20.19,20.87,17072737,351693376.00
2015/08/18,20.92,21.01,18.84,18.96,26570192,537483136.00
2015/08/19,18.57,19.59,18.31,19.58,21429880,409310080.00
2015/08/20,19.33,19.56,18.76,18.82,12695509,244766848.00
2015/08/21,18.51,18.77,17.56,17.60,18521547,338610400.00
2015/08/24,16.78,17.06,15.83,15.83,19710197,320300800.00
2015/08/25,14.87,15.54,14.23,14.23,30986021,457922912.00
2015/08/26,14.66,15.24,14.08,14.62,24725298,365421344.00
2015/08/27,14.46,16.10,14.46,16.10,23748855,369085920.00
2015/08/28,16.46,17.26,16.24,17.02,38736504,650612608.00
2015/08/31,16.17,16.41,15.53,16.27,31765432,513019552.00
2015/09/01,16.04,16.04,14.94,15.51,32761134,507663104.00
2015/09/02,14.72,16.28,14.65,16.04,34351768,541288960.00
2015/09/07,16.01,16.70,15.74,15.80,19287850,314922816.00
2015/09/08,15.67,16.35,15.56,16.26,11434872,184049744.00
2015/09/09,16.46,16.91,16.17,16.58,21175842,354328704.00
2015/09/10,16.39,16.54,15.98,16.04,11033337,181277456.00
2015/09/11,16.15,16.38,15.79,15.96,7844239,127110856.00
2015/09/14,16.01,16.06,14.56,14.73,16367557,250340160.00
2015/09/15,14.60,14.83,14.14,14.25,12512615,181988432.00
2015/09/16,14.36,15.61,14.26,15.39,12275651,184303440.00
2015/09/17,15.36,15.51,14.96,14.99,13008775,200002176.00
2015/09/18,15.02,15.15,14.69,14.92,7197711,108111576.00
2015/09/21,14.83,15.38,14.71,15.30,10476382,159576208.00
2015/09/22,15.32,15.66,15.22,15.40,10208056,158967952.00
2015/09/23,15.12,15.17,14.84,14.93,9535810,144131920.00
2015/09/24,14.96,15.16,14.89,15.05,5607395,84975952.00
2015/09/25,14.87,15.12,14.51,14.61,10349421,154309840.00
2015/09/28,14.66,14.94,14.41,14.92,6111974,90928648.00
2015/09/29,14.67,14.75,14.46,14.63,5513649,81503168.00
2015/09/30,14.76,14.89,14.62,14.75,4518281,67398264.00
2015/10/08,15.25,16.24,15.08,15.82,21493548,341269728.00
2015/10/09,15.38,15.73,15.31,15.68,15924520,249297712.00
2015/10/12,15.76,16.43,15.62,16.24,20572169,334728576.00
2015/10/13,16.06,16.26,15.89,16.08,12848999,208384640.00
2015/10/14,16.12,16.13,15.70,15.72,13377805,214536096.00
2015/10/15,15.64,16.23,15.58,16.21,14548026,234207968.00
2015/10/16,16.22,16.35,15.96,16.22,16288805,265581264.00
2015/10/19,16.22,16.38,15.86,16.03,14220613,231667456.00
2015/10/20,16.04,16.60,15.96,16.56,17862491,292335296.00
2015/10/21,16.45,16.75,15.45,15.64,24220732,396346176.00
2015/10/22,15.66,16.15,15.56,16.10,17521699,280340128.00
2015/10/23,16.21,16.96,16.20,16.95,28069902,470196480.00
2015/10/26,17.16,17.17,16.47,16.67,19338373,325789184.00
2015/10/27,16.52,16.72,16.07,16.58,14369746,237013024.00
2015/10/28,16.46,16.76,16.17,16.21,11430699,189924528.00
2015/10/29,16.22,16.40,16.03,16.33,7920064,129679656.00
2015/10/30,16.25,16.45,16.05,16.29,8099470,132830112.00
2015/11/02,15.94,16.21,15.76,15.77,10534307,169501296.00
2015/11/03,15.73,15.96,15.44,15.46,9585106,151701936.00
2015/11/04,15.54,16.18,15.52,16.14,14779578,237605264.00
2015/11/05,16.16,16.58,16.13,16.34,22437274,369937344.00
2015/11/06,16.26,16.77,16.24,16.66,17295900,289153568.00
2015/11/09,16.56,17.02,16.51,16.71,19091620,322099520.00
2015/11/10,16.71,16.83,16.51,16.71,17616955,296140256.00
2015/11/11,16.69,17.51,16.63,17.31,22677146,390021504.00
2015/11/12,17.34,17.46,16.85,17.06,16883572,291264448.00
2015/11/13,16.81,17.21,16.71,16.77,12866157,219016064.00
2015/11/16,16.51,17.17,16.42,17.14,14562691,246675808.00
2015/11/17,17.17,17.33,16.82,16.84,16692776,286769184.00
2015/11/18,16.75,16.84,16.56,16.57,10116344,170187072.00
2015/11/19,16.65,17.05,16.52,16.97,9278304,156191088.00
2015/11/20,16.87,17.13,16.76,17.03,11993731,204981072.00
2015/11/23,17.03,17.67,16.98,17.20,20559205,359881632.00
2015/11/24,17.21,17.53,17.16,17.39,14637327,255847024.00
2015/11/25,17.40,17.74,17.16,17.70,18390924,322851584.00
2015/11/26,17.71,18.29,17.60,18.04,24298211,442053376.00
2015/11/27,17.96,18.53,17.36,17.46,30582496,554703744.00
2015/11/30,17.28,17.75,16.58,17.75,22240869,386335616.00
2015/12/01,17.56,18.10,17.43,18.00,14709332,263155968.00
2015/12/02,17.90,18.82,17.64,18.67,23933072,443116352.00
2015/12/03,18.71,18.77,18.23,18.61,18367009,342436224.00
2015/12/04,18.44,18.64,18.16,18.41,13178351,243846864.00
2015/12/07,18.41,18.77,18.09,18.73,13273258,247727072.00
2015/12/08,18.57,18.57,17.70,17.76,15643497,284296576.00
2015/12/09,17.66,17.82,17.30,17.52,9684745,170872528.00
2015/12/10,17.43,17.90,17.41,17.66,10157110,181330160.00
2015/12/11,17.59,17.66,17.26,17.27,8110731,142435248.00
2015/12/14,17.16,17.57,17.11,17.55,5975376,104654376.00
2015/12/15,17.55,17.83,17.51,17.68,6020286,107249168.00
2015/12/16,17.68,17.86,17.62,17.77,5960057,106741512.00
2015/12/17,17.75,18.21,17.75,18.21,8675161,157831760.00
2015/12/18,18.25,18.46,17.98,18.04,7696725,140787088.00
2015/12/21,17.96,18.58,17.91,18.46,11282792,207701488.00
2015/12/22,18.74,19.23,18.71,18.96,20466201,391965216.00
2015/12/23,18.93,19.41,18.56,18.96,16680622,317878048.00
2015/12/24,18.76,19.06,18.42,18.62,8480996,159817712.00
2015/12/25,18.66,19.19,18.55,18.90,9600958,183230864.00
2015/12/28,18.91,19.14,18.41,18.44,9674230,182631424.00
2015/12/29,18.31,18.61,18.29,18.57,5022284,93360432.00
2015/12/30,18.73,18.73,18.26,18.49,6231418,115946552.00
2015/12/31,18.46,18.61,18.28,18.46,7828356,145681600.00
2016/01/04,18.31,18.56,16.72,16.80,7145588,129174296.00
2016/01/05,15.95,17.03,15.94,16.55,18695512,309402944.00
2016/01/06,16.56,16.93,16.55,16.82,6689990,112730192.00
2016/01/07,16.52,16.55,15.44,15.55,2219600,35971200.00
2016/01/08,16.11,16.29,15.06,16.11,11086287,178406800.00
2016/01/11,15.78,16.22,15.56,15.61,10756275,172621712.00
2016/01/12,15.61,16.17,15.36,15.88,5790152,92351792.00
2016/01/13,15.92,16.16,15.30,15.32,5081886,81110096.00
2016/01/14,14.92,15.86,14.88,15.76,6013052,93390584.00
2016/01/15,15.64,15.76,14.84,14.89,9528105,145351136.00
2016/01/18,14.66,15.21,14.61,14.95,4481305,67510176.00
2016/01/19,14.97,15.51,14.87,15.45,5400333,83226288.00
2016/01/20,15.36,15.61,14.95,15.16,5168658,79782648.00
2016/01/21,14.91,15.54,14.91,15.25,6756339,104044944.00
2016/01/22,15.25,15.34,14.87,15.30,4697597,71753128.00
2016/01/25,15.40,15.45,15.21,15.33,3756398,58029660.00
2016/01/26,14.71,15.16,14.13,14.16,6087159,90130744.00
2016/01/27,14.30,14.45,13.57,13.98,8806725,123525480.00
2016/01/28,14.00,14.10,13.76,13.81,4911160,69221528.00
2016/01/29,13.82,14.26,13.82,14.12,7486139,106289344.00
2016/02/01,14.12,14.27,13.97,14.08,5482501,78070792.00
2016/02/02,14.08,14.51,14.06,14.38,5213866,75168856.00
2016/02/03,14.21,14.30,14.04,14.24,4973873,71124880.00
2016/02/04,14.28,14.60,14.28,14.52,4941597,72305256.00
2016/02/05,14.47,14.64,14.35,14.37,3170890,46338040.00
2016/02/15,14.05,14.46,13.96,14.36,4593779,65888836.00
2016/02/16,14.39,14.83,14.37,14.75,6519743,96377208.00
2016/02/17,14.71,14.76,14.37,14.69,7192164,105903752.00
2016/02/18,14.71,14.83,14.60,14.67,7999713,118848720.00
2016/02/19,14.64,14.71,14.51,14.66,3434333,50703060.00
2016/02/22,14.75,14.96,14.70,14.86,6070261,90872760.00
2016/02/23,14.86,14.92,14.54,14.67,4440190,65936184.00
2016/02/24,14.68,14.79,14.40,14.67,5215700,76946328.00
2016/02/25,14.63,14.64,13.71,13.71,8910747,126580352.00
2016/02/26,13.76,13.99,13.66,13.86,6671288,93289928.00
2016/02/29,13.82,13.96,13.12,13.56,7979504,109091280.00
2016/03/01,13.56,13.79,13.46,13.69,6118730,84215800.00
2016/03/02,13.66,14.16,13.66,14.13,6713487,94415272.00
2016/03/03,14.13,14.31,14.04,14.07,5702829,81553584.00
2016/03/04,13.95,14.10,13.58,13.76,6002103,83819856.00
2016/03/07,13.77,14.05,13.76,13.86,4768462,66992116.00
2016/03/08,13.82,14.18,13.57,14.14,7865822,110279592.00
2016/03/09,14.03,14.16,13.86,14.03,5439803,77106744.00
2016/03/10,14.01,14.13,13.79,13.79,2670968,37649912.00
2016/03/11,13.71,14.06,13.62,14.00,5228506,73172032.00
2016/03/14,14.04,14.44,14.03,14.26,6471446,93463184.00
2016/03/15,14.25,14.30,14.03,14.14,3536914,50558196.00
2016/03/16,14.18,14.24,13.86,13.90,3560757,50315912.00
2016/03/17,13.90,14.22,13.90,14.16,4741148,67511480.00
2016/03/18,14.24,14.56,14.18,14.55,9247843,134536240.00
2016/03/21,14.61,14.82,14.47,14.81,9052475,134060736.00
2016/03/22,14.71,14.73,14.58,14.62,6132491,90726032.00
2016/03/23,14.55,14.66,14.46,14.63,4566045,67167768.00
2016/03/24,14.48,14.54,14.35,14.35,5887709,85774320.00
2016/03/25,14.27,14.49,14.26,14.42,3455013,50131964.00
2016/03/28,14.46,14.65,14.36,14.39,5286740,77338384.00
2016/03/29,14.37,14.42,14.01,14.09,4566547,65550692.00
2016/03/30,14.16,14.62,14.16,14.57,7109569,103508104.00
2016/03/31,14.60,14.66,14.45,14.48,5750622,84363352.00
2016/04/01,14.49,14.49,14.18,14.34,4306706,62185916.00
2016/04/05,14.34,14.64,14.27,14.62,7090569,103991408.00
2016/04/06,14.60,15.03,14.52,14.96,11227156,167647680.00
2016/04/07,15.04,15.12,14.64,14.65,8603958,128729000.00
2016/04/08,14.53,14.62,14.38,14.52,4950140,72543104.00
2016/04/11,14.52,14.89,14.52,14.81,5887025,87815728.00
2016/04/12,14.76,14.85,14.56,14.72,4468369,66233300.00
2016/04/13,14.74,15.03,14.74,14.96,9428781,142058224.00
2016/04/14,15.03,15.43,14.87,15.35,9718279,148485168.00
2016/04/15,15.35,15.72,15.21,15.72,11981692,187468800.00
2016/04/18,15.64,16.08,15.37,15.96,12415534,197986080.00
2016/04/19,16.01,16.14,15.78,15.85,8163552,130957872.00
2016/04/20,15.84,15.92,15.06,15.54,12659689,197174224.00
2016/04/21,15.44,15.83,15.27,15.44,5157543,81070760.00
2016/04/22,15.36,15.61,15.26,15.57,4270006,66605216.00
2016/04/25,15.53,15.56,15.17,15.37,5986388,92646960.00
2016/04/26,15.36,15.84,15.28,15.81,5214441,82071544.00
2016/04/27,15.77,15.83,15.48,15.52,3967745,62766808.00
2016/04/28,15.49,15.76,15.35,15.58,3977905,62340636.00
2016/04/29,15.58,15.67,15.39,15.52,2822527,44203512.00
2016/05/03,15.50,15.81,15.37,15.76,4843606,76672720.00
2016/05/04,15.74,16.25,15.67,16.00,7765385,125904232.00
2016/05/05,15.97,16.05,15.76,15.89,4694718,75176128.00
2016/05/06,15.87,15.98,15.43,15.46,6632160,104377344.00
2016/05/09,15.17,15.31,14.71,14.96,6153768,92706952.00
2016/05/10,14.90,15.02,14.80,14.86,2641096,39770060.00
2016/05/11,14.97,15.36,14.76,14.98,3919913,59447680.00
2016/05/12,14.81,14.83,14.48,14.72,3345317,49578524.00
2016/05/13,14.67,15.32,14.63,15.10,5535759,84378056.00
2016/05/16,15.00,15.34,14.92,15.15,2719474,41394724.00
2016/05/17,15.16,15.29,15.06,15.14,2935194,44918020.00
2016/05/18,14.99,15.10,14.79,15.09,4844908,73111528.00
2016/05/19,14.99,15.21,14.92,15.02,3706411,56404216.00
2016/05/20,14.95,15.11,14.86,15.07,2893236,43850296.00
2016/05/23,15.20,15.20,14.83,14.93,5652797,85425288.00
2016/05/24,14.93,14.93,14.36,14.48,6300993,92900064.00
2016/05/25,14.48,14.58,14.36,14.38,4380570,64015220.00
2016/05/26,14.36,14.49,14.16,14.45,3261878,47146968.00
2016/05/27,14.46,14.48,14.05,14.27,3448654,49819736.00
2016/05/30,14.16,14.30,13.97,14.18,2647917,37862048.00
2016/05/31,14.16,14.68,14.15,14.63,5374370,78724192.00
2016/06/01,14.61,14.73,14.56,14.57,3598803,53166748.00
2016/06/02,14.53,14.70,14.51,14.63,4248532,62594320.00
2016/06/03,14.66,14.89,14.51,14.74,7168064,106488512.00
2016/06/06,14.75,14.84,14.67,14.78,2955342,43996876.00
2016/06/07,14.77,14.91,14.71,14.81,3701680,55332988.00
2016/06/08,14.80,14.80,14.55,14.64,3262366,48238004.00
2016/06/13,14.55,14.58,14.16,14.18,4051947,58807800.00
2016/06/14,14.14,14.31,14.05,14.18,2499792,35735884.00
2016/06/15,14.10,14.57,14.07,14.54,3640242,53079712.00
2016/06/16,14.55,14.73,14.42,14.43,2419040,35231788.00
2016/06/17,14.48,14.80,14.48,14.59,3377719,49482552.00
2016/06/20,14.59,14.70,14.46,14.61,2683935,39075072.00
2016/06/21,14.66,14.82,14.45,14.57,3196602,46830612.00
2016/06/22,14.51,14.80,14.50,14.77,4534516,66639216.00
2016/06/23,14.71,15.06,14.70,14.86,5945212,88448000.00
2016/06/24,14.79,15.00,14.52,14.84,5168221,76470856.00
2016/06/27,14.72,15.13,14.66,15.08,7511621,112159584.00
2016/06/28,15.00,15.50,14.95,15.45,8495207,130130640.00
2016/06/29,15.45,15.51,15.23,15.38,6599786,101385272.00
2016/06/30,15.32,15.44,15.32,15.41,3501852,53876116.00
2016/07/01,15.36,15.46,15.09,15.13,5809235,88546072.00
2016/07/04,15.18,15.50,15.14,15.47,6011336,92569744.00
2016/07/05,15.46,15.52,15.25,15.35,6649350,102034080.00
2016/07/06,15.29,15.43,15.20,15.38,6313340,96792128.00
2016/07/07,15.32,15.72,15.32,15.44,5657286,87884176.00
2016/07/08,15.41,15.84,15.36,15.68,6057145,94592424.00
2016/07/11,15.60,15.86,15.38,15.45,6599140,103274048.00
2016/07/12,15.45,15.68,15.40,15.58,7743397,120198136.00
2016/07/13,15.60,15.76,15.57,15.64,7329719,114891848.00
2016/07/14,15.66,15.69,15.34,15.50,5970444,92441328.00
2016/07/15,15.50,15.54,15.37,15.41,5773982,89077144.00
2016/07/18,15.35,15.49,15.32,15.42,4937715,76066864.00
2016/07/19,15.42,15.45,15.30,15.40,3290154,50572520.00
2016/07/20,15.39,15.60,15.38,15.53,5125552,79464976.00
2016/07/21,15.51,15.60,15.37,15.40,5339708,82572304.00
2016/07/22,15.36,15.43,15.15,15.17,4735609,72186328.00
2016/07/25,15.14,15.25,15.09,15.14,5571887,84492456.00
2016/07/26,15.06,15.26,15.06,15.25,6806636,103111424.00
2016/07/27,15.24,15.35,14.68,14.83,8916288,133844240.00
2016/07/28,14.84,15.86,14.75,15.70,14198068,217130000.00
2016/07/29,15.59,15.70,15.45,15.50,9633829,150097184.00
2016/08/01,15.54,15.54,15.11,15.36,6518846,100065088.00
2016/08/02,15.43,15.84,15.36,15.69,11312158,177513680.00
2016/08/03,15.62,15.75,15.48,15.75,8046960,125472656.00
2016/08/04,15.70,15.70,15.50,15.63,4206228,65684208.00
2016/08/05,15.66,15.79,15.50,15.50,5224303,81525872.00
2016/08/08,15.50,15.58,15.22,15.58,5034692,77598696.00
2016/08/09,15.54,15.85,15.45,15.80,7929969,124100896.00
2016/08/10,15.80,15.88,15.66,15.72,5683710,89536632.00
2016/08/11,15.66,15.98,15.65,15.78,10737000,170255616.00
2016/08/12,15.82,15.89,15.50,15.77,6822331,107057848.00
2016/08/15,15.78,16.12,15.61,16.06,11298232,180177520.00
2016/08/16,16.01,16.14,15.90,16.05,7250775,116090504.00
2016/08/17,16.05,16.05,15.86,15.90,6493111,103547712.00
2016/08/18,15.88,16.03,15.75,15.78,7490856,118754256.00
2016/08/19,15.78,15.83,15.67,15.79,4836228,76025488.00
2016/08/22,15.77,15.97,15.66,15.68,5145339,81389824.00
2016/08/23,15.73,15.95,15.61,15.75,7801839,123224776.00
2016/08/24,15.70,15.81,15.68,15.72,3130153,49302996.00
2016/08/25,15.70,15.71,15.45,15.62,5022929,78330568.00
2016/08/26,15.65,16.05,15.62,15.89,8733781,138690128.00
2016/08/29,15.80,15.93,15.67,15.80,5609216,88599568.00
2016/08/30,15.83,15.85,15.61,15.65,5587976,87756824.00
2016/08/31,15.63,15.65,15.46,15.56,5857116,90984968.00
2016/09/01,15.54,15.60,15.41,15.41,3899192,60380672.00
2016/09/02,15.41,15.52,15.36,15.48,4245605,65604284.00
2016/09/05,15.49,15.61,15.45,15.49,3579163,55617556.00
2016/09/06,15.49,15.69,15.43,15.61,4127514,64244120.00
2016/09/07,15.62,15.74,15.56,15.63,5066143,79255744.00
2016/09/08,15.65,16.23,15.60,16.12,22315309,357045632.00
2016/09/09,16.15,16.30,16.03,16.07,11816309,190948080.00
2016/09/12,15.92,16.04,15.75,15.96,10966858,174370480.00
2016/09/13,15.94,16.25,15.93,15.99,6926654,111393056.00
2016/09/14,15.91,16.30,15.79,16.26,8679310,139648960.00
2016/09/19,16.22,16.58,16.13,16.18,10052979,164215952.00
2016/09/20,16.13,16.39,16.11,16.23,4757790,77249472.00
2016/09/21,16.27,16.29,16.04,16.10,4817568,77666728.00
2016/09/22,16.17,16.21,16.07,16.10,3894156,62785396.00
2016/09/23,16.10,16.48,16.07,16.35,6369560,103952328.00
2016/09/26,16.22,16.33,15.88,15.89,6483793,104017752.00
2016/09/27,15.80,15.92,15.71,15.92,4086060,64600892.00
2016/09/28,15.91,15.93,15.74,15.82,2393146,37831780.00
2016/09/29,15.81,16.32,15.81,16.29,6574791,105928032.00
2016/09/30,16.28,16.34,16.12,16.25,5354604,86848912.00
2016/10/10,16.47,16.76,16.37,16.68,12919425,214211200.00
2016/10/11,16.73,16.76,16.50,16.57,6962897,115681568.00
2016/10/12,16.55,17.05,16.55,16.88,9690423,163737776.00
2016/10/13,16.89,17.00,16.71,16.81,5379976,90580608.00
2016/10/14,16.80,16.96,16.63,16.85,4797367,80514064.00
2016/10/17,16.85,16.93,16.50,16.60,4557425,76086512.00
2016/10/18,16.60,16.75,16.50,16.71,4494872,74743624.00
2016/10/19,16.62,16.79,16.58,16.76,4076655,68014216.00
2016/10/20,16.77,16.80,16.56,16.59,3475881,57810976.00
2016/10/21,16.65,17.07,16.59,16.86,7163843,121107624.00
2016/10/24,16.80,17.15,16.78,17.02,5768274,98023288.00
2016/10/25,16.97,17.37,16.92,17.27,6907315,118879000.00
2016/10/26,17.17,17.93,17.15,17.57,12801971,225681568.00
2016/10/27,17.50,17.68,17.40,17.50,5064109,88618624.00
2016/10/28,17.36,17.56,16.98,17.06,9656004,165724592.00
2016/10/31,16.96,17.22,16.78,17.10,5341712,91041496.00
2016/11/01,17.12,17.49,16.98,17.39,4892150,84538344.00
2016/11/02,17.32,17.57,17.22,17.33,6485966,112804896.00
2016/11/03,17.25,17.43,17.15,17.27,4185752,72422608.00
2016/11/04,17.27,17.36,17.10,17.29,3905821,67216824.00
2016/11/07,17.27,17.58,17.10,17.55,5523098,95926472.00
2016/11/08,17.65,17.71,17.47,17.64,4820668,84833128.00
2016/11/09,17.65,17.66,17.22,17.37,5047994,87874904.00
2016/11/10,17.49,17.92,17.36,17.73,8732759,154714752.00
2016/11/11,17.69,17.88,17.63,17.71,5875401,104237120.00
2016/11/14,17.64,17.78,17.35,17.45,6639656,116351688.00
2016/11/15,17.45,17.67,17.33,17.46,4774854,83196008.00
2016/11/16,17.46,17.53,17.31,17.36,5402551,93926560.00
2016/11/17,17.36,17.50,17.23,17.41,4814019,83612016.00
2016/11/18,17.46,17.68,17.35,17.60,5186076,90648112.00
2016/11/21,17.79,18.51,17.55,17.64,21641486,388833824.00
2016/11/22,17.56,17.85,17.50,17.64,7564869,133704416.00
2016/11/23,17.53,17.66,17.37,17.48,8571576,149929552.00
2016/11/24,17.47,17.82,17.38,17.75,7849463,138820608.00
2016/11/25,17.73,18.03,17.53,17.92,7551836,134802800.00
2016/11/28,17.95,18.10,17.64,17.74,7885820,140328096.00
2016/11/29,17.76,17.83,17.33,17.34,7100662,125066208.00
2016/11/30,17.30,17.43,17.01,17.30,6969076,120119248.00
2016/12/01,17.30,17.70,17.30,17.57,6454558,113120360.00
2016/12/02,17.56,17.75,17.27,17.27,5644961,98964552.00
2016/12/05,17.20,17.52,17.18,17.28,5044608,87482272.00
2016/12/06,17.31,17.45,17.13,17.19,3604857,62110396.00
2016/12/07,17.26,17.27,17.12,17.19,3833730,65898044.00
2016/12/08,17.23,17.27,17.01,17.08,7523111,128485824.00
2016/12/09,17.07,17.13,16.90,16.91,10013591,170524656.00
2016/12/12,16.85,16.94,16.13,16.25,9121713,150390832.00
2016/12/13,16.18,16.22,15.78,16.08,8578809,137374928.00
2016/12/14,16.13,16.40,16.08,16.28,6337827,103120280.00
2016/12/15,16.25,16.44,16.18,16.30,5179470,84680920.00
2016/12/16,16.23,16.52,16.22,16.34,6031540,98754040.00
2016/12/19,16.30,16.36,16.10,16.13,3989185,64577360.00
2016/12/20,16.02,16.20,15.85,15.87,9486143,151366800.00
2016/12/21,15.95,16.32,15.91,16.31,4485431,72674696.00
2016/12/22,16.31,16.47,16.20,16.34,2947760,48160672.00
2016/12/23,16.36,16.44,16.11,16.26,3463739,56391768.00
2016/12/26,16.18,16.30,15.89,16.27,4227671,68177976.00
2016/12/27,16.27,16.45,16.21,16.31,2153527,35181548.00
2016/12/28,16.31,16.34,16.08,16.22,2992010,48400656.00
2016/12/29,16.20,16.35,16.08,16.16,2826420,45841552.00
2016/12/30,16.10,16.25,16.08,16.12,2579053,41677756.00
2017/01/03,16.15,16.57,16.13,16.53,5056645,82727752.00
2017/01/04,16.51,16.70,16.47,16.69,4053851,67276520.00
2017/01/05,16.75,16.98,16.67,16.86,6521673,109821264.00
2017/01/06,16.80,16.95,16.70,16.80,5565193,93697536.00
2017/01/09,16.78,16.88,16.69,16.81,3019461,50730152.00
2017/01/10,16.79,16.95,16.72,16.76,2789698,46925912.00
2017/01/11,16.74,16.92,16.63,16.75,2320713,38930968.00
2017/01/12,16.70,16.80,16.45,16.46,3117177,51695828.00
2017/01/13,16.49,16.70,16.26,16.35,3857356,63631492.00
2017/01/16,16.34,16.43,15.85,16.16,5158895,83403632.00
2017/01/17,16.16,16.35,16.08,16.33,2829780,45883976.00
2017/01/18,16.40,16.55,16.28,16.50,3896831,64100576.00
2017/01/19,16.40,16.48,16.19,16.24,4317664,70423744.00
2017/01/20,16.19,16.39,16.10,16.26,3495390,56875368.00
2017/01/23,16.21,16.42,16.21,16.30,4345369,70826048.00
2017/01/24,16.34,16.34,16.13,16.26,6695450,108845616.00
2017/01/25,16.25,16.58,16.21,16.51,4602045,75555976.00
2017/01/26,16.58,16.78,16.48,16.78,3651988,60938144.00
2017/02/03,16.95,17.11,16.68,16.73,4178870,70561672.00
2017/02/06,16.75,17.15,16.75,17.00,4864282,82653208.00
2017/02/07,17.08,17.09,16.84,16.92,3228714,54694976.00
2017/02/08,16.90,16.95,16.65,16.92,3523335,59187284.00
2017/02/09,16.88,17.03,16.86,17.01,2767480,46901892.00
2017/02/10,17.01,17.01,16.69,16.75,9226985,154936144.00
2017/02/13,16.80,16.87,16.63,16.71,5170396,86534640.00
2017/02/14,16.73,17.19,16.66,17.19,8639683,146511920.00
2017/02/15,17.15,17.35,17.00,17.15,8964978,153835376.00
2017/02/16,17.08,17.24,17.02,17.19,6472548,110903976.00
2017/02/17,17.20,17.29,17.02,17.17,5462102,93720040.00
2017/02/20,17.21,17.33,17.10,17.29,5016561,86438960.00
2017/02/21,17.29,17.41,17.18,17.29,4979049,85985352.00
2017/02/22,17.25,17.33,17.09,17.14,4121233,70699160.00
2017/02/23,17.18,17.27,16.95,17.10,6741600,115125992.00
2017/02/24,17.12,17.20,16.98,17.05,4735571,80767096.00
2017/02/27,17.03,17.18,16.95,16.96,3515795,59925836.00
2017/02/28,16.85,16.96,16.78,16.84,4861749,81883360.00
2017/03/01,16.87,16.89,16.70,16.84,6304110,105843544.00
2017/03/02,16.80,16.95,16.54,16.64,6687363,111740736.00
2017/03/03,16.56,16.69,16.52,16.68,2838536,47196316.00
2017/03/06,16.68,16.78,16.60,16.72,4754217,79440040.00
2017/03/07,16.70,16.75,16.46,16.56,8900404,147664464.00
2017/03/08,16.56,16.67,16.51,16.63,5914174,98247080.00
2017/03/09,16.60,16.61,16.41,16.48,2934195,48324120.00
2017/03/10,16.45,16.52,16.40,16.40,2983354,49072224.00
2017/03/13,16.40,16.66,16.30,16.63,5211513,86140104.00
2017/03/14,16.66,16.68,16.58,16.67,3810764,63360312.00
2017/03/15,16.66,16.75,16.55,16.68,4438268,73958376.00
2017/03/16,16.78,16.98,16.72,16.90,5869313,99217272.00
2017/03/17,16.92,16.92,16.70,16.75,4358961,73343664.00
2017/03/20,16.60,16.60,16.32,16.40,7219500,118359648.00
2017/03/21,16.40,16.48,16.28,16.45,6146488,100636376.00
2017/03/22,16.37,16.43,16.27,16.35,5201541,85091056.00
2017/03/23,16.33,16.61,16.16,16.18,8713368,142662144.00
2017/03/24,16.19,16.32,16.12,16.21,9715152,157521200.00
2017/03/27,16.23,16.36,16.18,16.32,5707629,92797536.00
2017/03/28,16.33,16.34,16.15,16.17,5787449,93859968.00
2017/03/29,16.17,16.23,15.98,16.00,6152480,98739080.00
2017/03/30,16.00,16.06,15.65,15.75,7157314,113223976.00
2017/03/31,15.89,16.05,15.79,15.90,5667785,90213144.00
2017/04/05,16.00,16.21,15.87,16.19,8428513,135177120.00
2017/04/06,16.18,16.28,16.05,16.23,4826055,78198416.00
2017/04/07,16.26,16.26,16.13,16.18,2804889,45409668.00
2017/04/10,16.21,16.38,16.07,16.32,4818253,78368448.00
2017/04/11,16.37,16.38,15.99,16.15,6387117,103163496.00
2017/04/12,16.18,16.19,16.02,16.15,2887638,46534724.00
2017/04/13,16.13,16.35,16.10,16.30,4326337,70335016.00
2017/04/14,16.36,16.57,16.23,16.37,7278396,119196256.00
2017/04/17,16.37,16.56,16.11,16.55,6023780,98540024.00
2017/04/18,16.55,16.91,16.55,16.70,9352667,156713712.00
2017/04/19,16.70,16.74,15.98,16.29,7638454,124315680.00
2017/04/20,16.29,16.50,16.16,16.43,3363232,54929112.00
2017/04/21,16.40,16.56,16.31,16.52,2602844,42817124.00
2017/04/24,16.54,16.55,16.13,16.30,3407311,55407848.00
2017/04/25,16.13,16.28,16.13,16.20,2987400,48363980.00
